Aug 28, 2026	472.52	478.75	465.29	465.58	465.58	15,338,800
Aug 27, 2026	481.50	483.00	469.63	476.67	476.67	16,441,800
Aug 26, 2026	475.07	491.12	474.58	480.93	480.93	14,348,100
Aug 25, 2026	474.20	481.50	469.07	479.18	479.18	19,001,400
Aug 24, 2026	468.54	468.54	451.00	456.75	456.75	16,602,200
Aug 21, 2026	476.50	477.36	462.11	473.25	473.25	14,343,900
Aug 20, 2026	465.67	475.53	460.27	469.46	469.46	15,178,900
Aug 19, 2026	486.08	487.01	462.55	466.42	466.42	19,208,400
Aug 18, 2026	487.56	491.81	474.98	484.39	484.39	23,721,500
Aug 17, 2026	514.16	517.35	504.52	506.00	506.00	20,057,600
Aug 14, 2026	487.60	514.67	483.20	514.39	514.39	25,570,300
Aug 13, 2026	483.00	497.99	481.00	483.01	483.01	18,764,900
Aug 12, 2026	488.32	491.69	480.88	482.93	482.93	18,628,300
Aug 11, 2026	474.75	475.99	463.21	474.32	474.32	18,052,500
Aug 10, 2026	477.09	483.36	469.29	469.56	469.56	19,656,600
Aug 7, 2026	497.94	498.99	476.06	483.36	483.36	26,618,800
Aug 6, 2026	471.75	496.72	469.50	489.28	489.28	24,675,300
Aug 5, 2026	484.50	502.00	478.20	482.05	482.05	49,615,800
Aug 4, 2026	504.00	530.13	502.20	518.58	518.58	48,463,600
Aug 3, 2026	461.79	490.95	455.30	484.64	484.64	24,422,300
Jul 31, 2026	510.28	515.62	475.76	476.15	476.15	26,615,700
Jul 30, 2026	460.00	498.20	457.68	485.39	485.39	36,936,600
Jul 29, 2026	452.68	457.22	424.03	429.56	429.56	32,304,900
Jul 28, 2026	467.00	472.75	442.27	454.62	454.62	36,315,500
Jul 27, 2026	527.51	528.00	476.93	494.95	494.95	31,800,300
Jul 24, 2026	546.92	549.00	518.00	521.95	521.95	27,200,700
Jul 23, 2026	544.74	556.49	525.00	539.69	539.69	27,155,100
Jul 22, 2026	526.88	561.47	526.60	552.33	552.33	24,776,700
Jul 21, 2026	526.00	548.14	522.60	544.43	544.43	29,045,100
Jul 20, 2026	517.00	522.44	502.36	503.57	503.57	23,440,700
Jul 17, 2026	476.88	505.88	460.21	495.76	495.76	32,115,900
Jul 16, 2026	509.33	518.74	491.80	500.94	500.94	27,093,700
Jul 15, 2026	556.02	558.89	509.57	529.14	529.14	27,826,200
Jul 14, 2026	567.22	574.20	546.77	548.13	548.13	21,201,400
Jul 13, 2026	537.50	551.87	526.92	534.39	534.39	22,957,400
Jul 10, 2026	544.01	560.25	540.05	557.89	557.89	20,704,500
Jul 9, 2026	537.27	559.50	535.20	546.72	546.72	26,900,800
Jul 8, 2026	504.81	522.98	498.15	517.41	517.41	23,768,500
Jul 7, 2026	515.91	524.97	503.11	516.11	516.11	29,166,800
Jul 6, 2026	535.35	572.50	527.00	552.05	552.05	30,684,200
Jul 2, 2026	538.16	547.65	506.00	517.82	517.82	28,142,500
Jul 1, 2026	557.53	564.09	538.74	540.88	540.88	28,326,800
Jun 30, 2026	545.57	584.73	545.57	580.91	580.91	34,488,500
Jun 29, 2026	522.84	542.19	495.35	539.49	539.49	26,671,000
Jun 26, 2026	519.80	525.11	502.61	521.58	521.58	52,705,100
Jun 25, 2026	543.93	550.88	507.00	532.57	532.57	27,031,300
Jun 24, 2026	520.82	524.96	503.50	519.74	519.74	26,548,300
Jun 23, 2026	509.08	528.49	506.81	519.85	519.85	30,196,800
Jun 22, 2026	545.50	562.99	535.71	551.63	551.63	25,983,200
Jun 18, 2026	531.58	539.69	526.32	537.37	537.37	43,805,600
Jun 17, 2026	529.66	532.50	507.30	512.48	512.48	27,085,300
Jun 16, 2026	546.89	548.95	507.25	507.29	507.29	28,411,700
Jun 15, 2026	535.75	558.37	530.50	547.26	547.26	33,482,400
Jun 12, 2026	499.69	521.71	494.00	511.57	511.57	31,553,100
Jun 11, 2026	461.60	490.46	458.02	488.45	488.45	30,463,100
Jun 10, 2026	467.97	477.45	448.33	452.40	452.40	27,777,400
Jun 9, 2026	502.75	505.00	437.23	475.51	475.51	37,799,800
Jun 8, 2026	485.00	494.97	477.71	490.33	490.33	25,158,800
Jun 5, 2026	499.53	505.62	463.95	466.38	466.38	46,900,600
Jun 4, 2026	514.75	532.19	499.87	523.20	523.20	29,110,000
Jun 3, 2026	533.75	546.44	524.30	542.52	542.52	29,411,100
Jun 2, 2026	506.30	522.49	501.22	521.54	521.54	24,293,200
Jun 1, 2026	500.16	517.50	486.80	510.13	510.13	33,309,200
May 29, 2026	520.80	522.00	503.43	516.10	516.10	30,803,200
May 28, 2026	499.00	527.20	493.52	518.09	518.09	31,438,500
May 27, 2026	508.00	510.21	486.66	495.54	495.54	27,589,300
May 26, 2026	484.74	506.96	480.23	503.89	503.89	38,473,800
May 22, 2026	469.84	481.41	461.71	467.51	467.51	34,758,600
May 21, 2026	441.99	451.20	431.60	449.59	449.59	27,252,000
May 20, 2026	428.04	449.39	426.05	447.58	447.58	36,137,500
May 19, 2026	412.60	428.75	393.36	414.05	414.05	38,756,900
May 18, 2026	429.50	438.80	410.71	420.99	420.99	28,432,100
May 15, 2026	433.34	439.00	423.36	424.10	424.10	29,131,600
May 14, 2026	440.60	453.31	435.68	449.70	449.70	26,113,600
May 13, 2026	457.04	459.50	432.65	445.50	445.50	30,423,400
May 12, 2026	449.25	458.80	426.11	448.29	448.29	39,140,100
May 11, 2026	460.55	469.22	450.88	458.79	458.79	46,085,400
May 8, 2026	418.59	456.29	418.29	455.19	455.19	58,134,900
May 7, 2026	417.07	421.71	401.08	408.46	408.46	44,885,500
May 6, 2026	409.49	430.60	402.04	421.39	421.39	87,732,200
May 5, 2026	351.51	359.57	344.88	355.26	355.26	64,235,100
May 4, 2026	360.31	361.85	338.70	341.54	341.54	42,000,200
May 1, 2026	351.87	362.79	349.25	360.54	360.54	34,279,200
Apr 30, 2026	341.36	354.96	332.60	354.49	354.49	42,115,300
Apr 29, 2026	326.58	340.17	318.86	337.11	337.11	44,704,400
Apr 28, 2026	311.86	327.50	310.00	323.21	323.21	43,002,500
Apr 27, 2026	346.32	349.21	328.81	334.63	334.63	50,585,300
Apr 24, 2026	336.76	352.99	334.54	347.81	347.81	81,616,700
Apr 23, 2026	302.01	310.22	299.76	305.33	305.33	45,619,700
Apr 22, 2026	291.22	304.25	286.14	303.46	303.46	49,054,200
Apr 21, 2026	277.33	286.20	276.62	284.49	284.49	38,950,900
Apr 20, 2026	280.60	287.61	272.00	274.95	274.95	34,833,900
Apr 17, 2026	281.00	281.05	274.14	278.39	278.39	35,519,900
Apr 16, 2026	264.99	279.34	261.51	278.26	278.26	64,850,800
Apr 15, 2026	254.96	258.18	251.85	258.12	258.12	24,695,200
Apr 14, 2026	249.79	255.46	245.70	255.07	255.07	25,733,200
Apr 13, 2026	245.03	247.33	242.03	246.83	246.83	22,781,800
Apr 10, 2026	239.00	249.58	238.96	245.04	245.04	36,477,200
Apr 9, 2026	233.01	237.10	230.91	236.64	236.64	27,126,200
Apr 8, 2026	232.12	234.00	227.09	231.82	231.82	35,496,400
Apr 7, 2026	218.26	222.10	215.38	221.53	221.53	26,483,000
Apr 6, 2026	219.28	226.31	217.73	220.18	220.18	30,786,400
Apr 2, 2026	204.05	217.78	200.62	217.50	217.50	38,463,500
Apr 1, 2026	207.59	213.83	205.84	210.21	210.21	40,835,800
Mar 31, 2026	198.05	204.00	196.41	203.43	203.43	42,318,700
Mar 30, 2026	204.95	208.43	192.87	196.04	196.04	41,053,300
Mar 27, 2026	201.77	203.27	197.69	201.99	201.99	29,206,600
Mar 26, 2026	217.98	221.00	203.43	203.77	203.77	49,213,000
Mar 25, 2026	211.51	221.33	211.51	220.27	220.27	48,518,300
Mar 24, 2026	201.39	206.43	200.13	205.37	205.37	27,258,800
Mar 23, 2026	206.40	209.11	201.71	202.68	202.68	31,857,800
Mar 20, 2026	204.89	206.30	198.26	201.33	201.33	37,265,100
Mar 19, 2026	195.03	205.88	192.83	205.27	205.27	32,245,300
Mar 18, 2026	196.00	202.86	195.75	199.46	199.46	28,569,100
Mar 17, 2026	196.68	199.21	195.26	196.31	196.31	22,779,700
Mar 16, 2026	194.98	200.17	194.80	196.58	196.58	30,285,200
Mar 13, 2026	198.11	199.68	192.27	193.39	193.39	27,561,900
Mar 12, 2026	202.83	203.62	196.67	197.74	197.74	28,886,900
Mar 11, 2026	205.11	209.21	203.63	204.83	204.83	23,076,400
Mar 10, 2026	202.51	206.59	202.20	203.23	203.23	29,139,200
Mar 9, 2026	189.36	202.97	189.02	202.68	202.68	38,877,200
Mar 6, 2026	195.27	200.24	191.25	192.43	192.43	33,913,800
Mar 5, 2026	197.77	203.79	194.88	199.45	199.45	36,000,700
Mar 4, 2026	192.12	202.44	189.86	202.07	202.07	40,912,600
Mar 3, 2026	191.46	193.64	188.22	190.95	190.95	37,785,700
Mar 2, 2026	193.85	198.74	190.00	198.62	198.62	34,120,200
Feb 27, 2026	200.11	201.89	197.74	200.21	200.21	31,312,400
Feb 26, 2026	208.80	209.79	201.46	203.68	203.68	35,020,500
Feb 25, 2026	214.82	216.70	210.33	210.86	210.86	44,588,100
Feb 24, 2026	211.63	216.71	206.50	213.84	213.84	81,367,000
Feb 23, 2026	198.09	199.38	194.15	196.60	196.60	28,187,900
Feb 20, 2026	200.12	204.87	198.56	200.15	200.15	36,317,300
Feb 19, 2026	200.11	204.10	198.29	203.37	203.37	25,842,300
Feb 18, 2026	198.41	203.20	195.00	200.12	200.12	35,664,100
Feb 17, 2026	202.15	205.30	194.83	203.08	203.08	33,712,100
Feb 13, 2026	204.02	210.05	203.88	207.32	207.32	26,123,900
Feb 12, 2026	215.83	218.46	205.14	205.94	205.94	32,181,000
Feb 11, 2026	217.88	219.65	209.21	213.58	213.58	33,384,700
Feb 10, 2026	215.14	219.39	213.13	213.57	213.57	25,326,700
Feb 9, 2026	206.90	217.60	204.15	216.00	216.00	38,810,800
Feb 6, 2026	197.13	209.27	196.43	208.44	208.44	54,504,500
Feb 5, 2026	201.86	204.04	190.72	192.50	192.50	62,196,400
Feb 4, 2026	215.00	218.58	199.15	200.19	200.19	107,173,300
Feb 3, 2026	251.55	252.65	237.04	242.11	242.11	53,097,100
Feb 2, 2026	235.77	249.97	235.00	246.27	246.27	36,308,100
Jan 30, 2026	236.93	245.24	234.55	236.73	236.73	40,035,700
Jan 29, 2026	254.66	260.53	240.91	252.18	252.18	31,685,200
Jan 28, 2026	254.13	257.40	250.21	252.74	252.74	27,061,200
Jan 27, 2026	252.16	255.55	247.96	252.03	252.03	25,691,600
Jan 26, 2026	256.75	258.29	250.30	251.31	251.31	30,672,500
Jan 23, 2026	261.18	266.96	256.25	259.68	259.68	47,525,900
Jan 22, 2026	251.75	256.08	246.63	253.73	253.73	37,945,000
Jan 21, 2026	235.99	252.90	235.78	249.80	249.80	62,385,600
Jan 20, 2026	226.08	239.50	225.41	231.92	231.92	44,327,700
Jan 16, 2026	234.30	234.49	228.86	231.83	231.83	42,545,600
Jan 15, 2026	227.90	238.35	227.22	227.92	227.92	55,270,200
Jan 14, 2026	217.54	224.09	215.11	223.60	223.60	40,466,500
Jan 13, 2026	215.10	223.11	214.98	220.97	220.97	56,894,900
Jan 12, 2026	201.18	209.88	199.80	207.69	207.69	27,287,300
Jan 9, 2026	205.72	207.30	203.07	203.17	203.17	24,217,300
Jan 8, 2026	210.90	210.94	203.33	204.68	204.68	27,505,000
Jan 7, 2026	212.13	212.13	207.17	210.02	210.02	29,715,500
Jan 6, 2026	222.71	222.92	211.25	214.35	214.35	40,033,200
Jan 5, 2026	230.25	234.02	220.48	221.08	221.08	31,941,100
Jan 2, 2026	218.90	227.15	218.90	223.47	223.47	36,446,200
Dec 31, 2025	215.82	217.64	213.80	214.16	214.16	17,591,600
Dec 30, 2025	215.87	216.82	214.33	215.34	215.34	16,409,600
Dec 29, 2025	211.58	216.05	209.24	215.61	215.61	20,326,900
Dec 26, 2025	215.43	216.83	213.03	214.99	214.99	15,792,600
Dec 24, 2025	214.98	216.54	213.97	215.04	215.04	7,956,800
Dec 23, 2025	212.86	217.03	212.28	214.90	214.90	20,272,300
Dec 22, 2025	220.00	220.17	213.31	214.95	214.95	24,950,700
Dec 19, 2025	204.60	215.18	204.20	213.43	213.43	58,445,500
Dec 18, 2025	203.82	206.36	200.50	201.06	201.06	29,720,100
Dec 17, 2025	210.04	211.50	197.53	198.11	198.11	31,595,400
Dec 16, 2025	206.92	210.22	205.11	209.17	209.17	23,467,600
Dec 15, 2025	212.28	215.36	206.58	207.58	207.58	27,222,200
Dec 12, 2025	218.37	222.49	209.06	210.78	210.78	37,073,900
Dec 11, 2025	217.81	221.50	210.19	221.43	221.43	30,694,600
Dec 10, 2025	222.00	222.61	218.67	221.42	221.42	23,279,400
Dec 9, 2025	221.04	224.84	217.91	221.62	221.62	25,166,100
Dec 8, 2025	219.09	223.71	218.36	221.11	221.11	30,943,200
Dec 5, 2025	217.17	223.64	216.24	217.97	217.97	33,292,400
Dec 4, 2025	216.88	219.12	214.14	215.98	215.98	24,478,200
Dec 3, 2025	216.26	218.20	211.77	217.60	217.60	28,545,200
Dec 2, 2025	221.79	225.98	214.39	215.24	215.24	42,002,500
Dec 1, 2025	213.88	220.98	213.50	219.76	219.76	30,768,700
Nov 28, 2025	216.14	218.30	214.02	217.53	217.53	18,658,000
Nov 26, 2025	210.05	215.59	207.00	214.24	214.24	43,270,200
Nov 25, 2025	201.48	206.58	194.28	206.13	206.13	69,773,500
Nov 24, 2025	207.16	217.13	205.85	215.05	215.05	46,749,600
Nov 21, 2025	208.81	208.83	195.00	203.78	203.78	67,421,100
Nov 20, 2025	232.70	234.25	204.53	206.02	206.02	66,342,900
Nov 19, 2025	230.26	235.28	219.71	223.55	223.55	52,093,400
Nov 18, 2025	236.78	238.00	224.71	230.29	230.29	45,619,900
Nov 17, 2025	242.75	248.77	237.15	240.52	240.52	37,942,200
Nov 14, 2025	240.11	253.44	235.08	246.81	246.81	47,655,600
Nov 13, 2025	251.90	259.63	246.06	247.96	247.96	63,178,600
Nov 12, 2025	253.13	263.51	250.00	258.89	258.89	108,942,000
Nov 11, 2025	241.66	248.46	234.64	237.52	237.52	61,336,800
Nov 10, 2025	242.14	248.90	240.50	243.98	243.98	43,361,600
Nov 7, 2025	230.94	235.87	224.64	233.54	233.54	52,162,600
Nov 6, 2025	253.47	253.51	235.74	237.70	237.70	66,049,700
Nov 5, 2025	243.24	259.65	242.81	256.33	256.33	67,366,600
Nov 4, 2025	250.35	257.38	247.39	250.05	250.05	56,491,800
Nov 3, 2025	259.33	260.91	253.89	259.65	259.65	36,351,400
Oct 31, 2025	259.60	262.13	253.41	256.12	256.12	34,449,200
Oct 30, 2025	259.92	263.88	252.31	254.84	254.84	45,162,500
Oct 29, 2025	264.19	267.08	257.40	264.33	264.33	49,335,600
Oct 28, 2025	259.14	264.58	257.00	258.01	258.01	47,448,700
Oct 27, 2025	257.88	260.42	249.80	259.67	259.67	65,613,100
Oct 24, 2025	243.36	253.39	241.95	252.92	252.92	71,221,100
Oct 23, 2025	230.16	235.90	228.54	234.99	234.99	39,024,400
Oct 22, 2025	236.85	240.13	224.88	230.23	230.23	59,668,800
Oct 21, 2025	239.39	242.26	234.02	238.03	238.03	47,122,400
Oct 20, 2025	236.47	242.88	234.40	240.56	240.56	56,741,700
Oct 17, 2025	233.26	235.38	227.91	233.08	233.08	55,804,200
Oct 16, 2025	236.29	241.20	232.24	234.56	234.56	69,726,400
Oct 15, 2025	222.71	239.24	220.76	238.60	238.60	108,481,000
Oct 14, 2025	219.20	224.98	215.90	218.09	218.09	71,216,300
Oct 13, 2025	220.20	224.19	214.90	216.42	216.42	63,104,000
Oct 10, 2025	232.77	234.22	213.20	214.90	214.90	118,656,600
Oct 9, 2025	236.30	240.10	229.53	232.89	232.89	94,290,700
Oct 8, 2025	212.95	235.87	210.70	235.56	235.56	159,983,500
Oct 7, 2025	214.85	218.90	209.28	211.51	211.51	115,748,100
Oct 6, 2025	226.45	226.71	203.01	203.71	203.71	248,859,600
Oct 3, 2025	170.68	170.68	163.14	164.67	164.67	42,699,100
Oct 2, 2025	168.68	171.06	166.12	169.73	169.73	55,475,200
Oct 1, 2025	160.93	164.18	160.49	164.01	164.01	39,895,200
Sep 30, 2025	160.79	162.28	159.33	161.79	161.79	29,669,300
Sep 29, 2025	160.12	164.30	159.90	161.36	161.36	39,828,800
Sep 26, 2025	160.52	162.11	157.05	159.46	159.46	30,316,900
Sep 25, 2025	157.14	161.63	154.78	161.27	161.27	36,809,900
Sep 24, 2025	162.98	165.10	158.43	160.88	160.88	38,464,100
Sep 23, 2025	160.52	163.39	159.21	160.90	160.90	39,448,300
Sep 22, 2025	157.42	162.68	157.42	159.79	159.79	46,505,500
Sep 19, 2025	157.38	159.84	155.90	157.39	157.39	55,448,100
Sep 18, 2025	150.96	158.77	149.85	157.92	157.92	84,549,500
Sep 17, 2025	159.28	161.63	155.76	159.16	159.16	41,823,800
Sep 16, 2025	161.37	161.95	159.22	160.46	160.46	27,946,500
Sep 15, 2025	160.01	162.30	157.60	161.16	161.16	36,808,700
Sep 12, 2025	157.00	160.41	154.92	158.57	158.57	42,232,800
Sep 11, 2025	158.62	160.21	154.99	155.67	155.67	48,817,700
Sep 10, 2025	163.54	164.53	158.00	159.54	159.54	52,465,300
Sep 9, 2025	151.99	156.66	151.93	155.82	155.82	42,802,500
Sep 8, 2025	151.80	152.64	149.22	151.41	151.41	41,849,000
Sep 5, 2025	157.12	157.14	150.18	151.14	151.14	78,256,000
Sep 4, 2025	159.94	162.05	157.79	161.79	161.79	32,103,500
Sep 3, 2025	161.81	164.75	160.58	162.13	162.13	30,752,800
Sep 2, 2025	158.42	162.39	156.62	162.32	162.32	38,656,100
Aug 29, 2025	166.81	168.57	161.90	162.63	162.63	37,516,800
Aug 28, 2025	168.50	170.99	166.65	168.58	168.58	36,285,200
Aug 27, 2025	166.04	167.68	164.65	167.13	167.13	37,031,000
Aug 26, 2025	168.65	169.77	164.91	166.62	166.62	52,138,600
Aug 25, 2025	165.55	165.59	161.72	163.36	163.36	36,134,700
Aug 22, 2025	162.17	168.53	161.80	167.76	167.76	43,998,600
Aug 21, 2025	165.86	165.88	162.26	163.71	163.71	37,880,500
Aug 20, 2025	164.10	166.65	158.25	165.20	165.20	60,233,200
Aug 19, 2025	173.10	173.17	166.10	166.55	166.55	64,455,000
Aug 18, 2025	176.76	178.80	174.36	176.14	176.14	35,937,500
Aug 15, 2025	180.06	180.14	176.25	177.51	177.51	51,543,100
Aug 14, 2025	179.83	185.44	179.56	180.95	180.95	66,308,800
Aug 13, 2025	179.91	186.65	179.38	184.42	184.42	108,305,100
Aug 12, 2025	173.32	175.16	168.50	174.95	174.95	52,243,500
Aug 11, 2025	170.04	178.82	169.38	172.28	172.28	70,651,000
Aug 8, 2025	174.04	176.48	170.52	172.76	172.76	68,866,700
Aug 7, 2025	166.84	175.75	166.70	172.40	172.40	95,448,300
Aug 6, 2025	165.05	166.18	157.80	163.12	163.12	133,641,800
Aug 5, 2025	177.57	177.99	171.80	174.31	174.31	88,808,500
Aug 4, 2025	174.61	177.86	173.56	176.78	176.78	52,951,000
Aug 1, 2025	170.16	174.40	166.82	171.70	171.70	75,396,100
Jul 31, 2025	182.02	182.50	173.00	176.31	176.31	71,765,300
Jul 30, 2025	175.61	180.37	173.80	179.51	179.51	64,820,300
Jul 29, 2025	175.21	182.31	174.68	177.44	177.44	108,154,800
Jul 28, 2025	169.08	174.70	168.67	173.66	173.66	68,267,800
Jul 25, 2025	163.51	167.18	162.36	166.47	166.47	53,432,300
Jul 24, 2025	159.12	163.93	158.36	162.12	162.12	48,440,100
Jul 23, 2025	156.32	159.45	156.00	158.65	158.65	41,510,900
Jul 22, 2025	156.20	156.23	149.34	154.72	154.72	49,028,000
Jul 21, 2025	157.62	160.34	156.92	157.00	157.00	39,021,100
Jul 18, 2025	159.59	160.83	155.81	156.99	156.99	48,859,800
Jul 17, 2025	161.81	161.96	158.68	160.41	160.41	50,605,100
Jul 16, 2025	155.31	160.36	152.85	160.08	160.08	59,492,800
Jul 15, 2025	153.75	158.68	153.56	155.61	155.61	93,370,100
Jul 14, 2025	145.09	147.58	141.90	146.24	146.24	44,718,600
Jul 11, 2025	142.60	147.40	141.60	146.42	146.42	50,049,200
Jul 10, 2025	143.00	145.82	141.85	144.16	144.16	61,101,500
Jul 9, 2025	138.69	140.65	137.59	138.41	138.41	37,013,100
Jul 8, 2025	137.32	139.15	135.91	137.82	137.82	36,124,600
Jul 7, 2025	136.56	137.44	133.50	134.80	134.80	37,395,000
Jul 3, 2025	139.11	139.50	137.32	137.91	137.91	28,646,000
Jul 2, 2025	135.53	139.78	135.22	138.52	138.52	39,228,000
Jul 1, 2025	138.77	140.23	135.12	136.11	136.11	55,257,200
Jun 30, 2025	144.00	146.00	141.01	141.90	141.90	42,972,500
Jun 27, 2025	144.18	147.75	141.63	143.81	143.81	61,937,900
Jun 26, 2025	145.97	146.00	141.91	143.68	143.68	58,180,100
Jun 25, 2025	140.94	144.18	139.46	143.40	143.40	74,607,200
Jun 24, 2025	133.43	138.79	132.93	138.43	138.43	78,572,000
Jun 23, 2025	130.47	133.25	126.82	129.58	129.58	65,152,900
Jun 20, 2025	129.00	132.81	127.55	128.24	128.24	79,931,000
Jun 18, 2025	128.01	129.21	125.77	126.79	126.79	49,627,100
Jun 17, 2025	127.93	130.70	126.58	127.10	127.10	86,623,900
Jun 16, 2025	118.64	128.14	117.78	126.39	126.39	100,968,500
Jun 13, 2025	116.05	117.88	115.06	116.16	116.16	39,702,700
Jun 12, 2025	120.62	122.25	118.03	118.50	118.50	44,718,400
Jun 11, 2025	124.44	124.47	119.88	121.14	121.14	32,261,900
Jun 10, 2025	121.11	124.09	120.80	123.24	123.24	41,691,900
Jun 9, 2025	119.18	122.37	119.04	121.73	121.73	55,437,700
Jun 6, 2025	117.69	118.38	115.88	116.19	116.19	27,042,100
Jun 5, 2025	118.95	119.24	114.71	115.69	115.69	34,091,000
Jun 4, 2025	117.41	119.30	115.73	118.58	118.58	31,025,000
Jun 3, 2025	114.50	117.68	113.28	117.31	117.31	37,161,500
Jun 2, 2025	111.06	114.86	111.01	114.63	114.63	34,078,400
May 30, 2025	111.58	112.11	108.62	110.73	110.73	36,088,500
May 29, 2025	115.49	115.54	112.13	113.03	113.03	30,501,400
May 28, 2025	114.92	114.95	112.66	112.86	112.86	27,483,700
May 27, 2025	113.18	115.40	112.27	114.56	114.56	37,885,000
May 23, 2025	108.09	111.02	107.67	110.31	110.31	30,867,300
May 22, 2025	111.90	112.64	110.61	110.71	110.71	29,252,000
May 21, 2025	113.85	116.10	111.09	112.06	112.06	43,594,600
May 20, 2025	114.35	114.51	112.08	113.51	113.51	29,030,800
May 19, 2025	115.02	115.53	114.06	114.74	114.74	37,737,400
May 16, 2025	118.07	118.24	116.01	117.17	117.17	43,419,700
May 15, 2025	117.02	117.50	114.01	114.99	114.99	43,843,200
May 14, 2025	119.83	122.52	116.59	117.72	117.72	86,743,700
May 13, 2025	109.60	113.13	109.00	112.46	112.46	55,659,500
May 12, 2025	110.42	110.67	106.98	108.12	108.12	50,543,400
May 9, 2025	102.59	103.54	101.60	102.84	102.84	31,704,300
May 8, 2025	101.92	105.44	101.56	101.70	101.70	54,231,400
May 7, 2025	100.75	103.42	96.88	100.36	100.36	86,474,400
May 6, 2025	98.41	100.07	97.44	98.62	98.62	54,264,300
May 5, 2025	99.00	102.05	98.76	100.59	100.59	41,268,900
May 2, 2025	98.40	99.88	98.30	98.80	98.80	29,957,900
May 1, 2025	99.27	100.10	96.45	96.65	96.65	29,591,500
Apr 30, 2025	92.81	97.55	91.87	97.35	97.35	29,730,700
Apr 29, 2025	95.76	97.18	95.33	96.06	96.06	20,700,600
Apr 28, 2025	95.58	97.49	94.27	96.39	96.39	30,456,700
Apr 25, 2025	93.28	97.10	92.85	96.65	96.65	28,575,300
Apr 24, 2025	91.59	94.75	90.37	94.47	94.47	33,681,900
Apr 23, 2025	91.88	93.74	90.12	90.39	90.39	41,102,600
Apr 22, 2025	86.12	87.17	85.17	86.26	86.26	35,236,700
Apr 21, 2025	86.02	86.14	83.75	85.56	85.56	33,855,400
Apr 17, 2025	88.84	89.03	86.52	87.50	87.50	34,801,400
Apr 16, 2025	87.61	90.47	85.30	88.29	88.29	62,109,000
Apr 15, 2025	94.66	96.85	94.62	95.29	95.29	28,116,500
Apr 14, 2025	97.11	97.37	93.45	94.50	94.50	36,003,000
Apr 11, 2025	90.51	94.76	90.50	93.40	93.40	57,892,600
Apr 10, 2025	91.00	92.95	85.06	88.70	88.70	65,210,600
Apr 9, 2025	79.22	97.91	78.87	96.84	96.84	97,827,400
Apr 8, 2025	86.15	88.93	76.48	78.21	78.21	69,910,200
Apr 7, 2025	80.68	89.00	77.75	83.64	83.64	70,515,400
Apr 4, 2025	90.10	91.08	83.67	85.76	85.76	65,847,000
Apr 3, 2025	97.79	99.45	93.64	93.80	93.80	50,472,500
Apr 2, 2025	101.52	104.19	100.76	102.96	102.96	20,794,000
Apr 1, 2025	102.16	102.83	100.93	102.78	102.78	23,523,200
Mar 31, 2025	100.24	102.82	98.80	102.74	102.74	30,865,300
Mar 28, 2025	105.53	106.51	102.48	103.22	103.22	31,069,100
Mar 27, 2025	106.11	107.62	105.55	106.65	106.65	32,773,700
Mar 26, 2025	114.11	115.90	108.68	110.19	110.19	39,824,000
Mar 25, 2025	113.27	114.95	112.71	114.81	114.81	29,077,500
Mar 24, 2025	109.73	114.85	109.40	113.85	113.85	53,342,000
Mar 21, 2025	105.33	107.25	104.33	106.44	106.44	30,767,900
Mar 20, 2025	105.12	108.26	105.12	107.14	107.14	26,871,800
Mar 19, 2025	104.42	107.90	101.96	106.23	106.23	32,287,500
Mar 18, 2025	103.85	104.55	102.97	103.51	103.51	27,152,800
Mar 17, 2025	102.60	106.15	102.60	104.59	104.59	43,689,500
Mar 14, 2025	99.64	101.22	99.58	100.97	100.97	24,715,300
Mar 13, 2025	99.72	100.07	97.27	98.11	98.11	28,575,200
Mar 12, 2025	99.05	101.72	98.17	100.79	100.79	34,241,300
Mar 11, 2025	96.79	98.16	94.73	96.76	96.76	34,078,300
Mar 10, 2025	98.57	101.29	95.83	96.63	96.63	38,733,200
Mar 7, 2025	98.88	100.65	96.39	100.31	100.31	33,254,400
Mar 6, 2025	99.05	101.08	98.27	98.85	98.85	28,985,000
Mar 5, 2025	100.36	101.84	98.87	101.67	101.67	27,855,500
Mar 4, 2025	96.00	103.18	95.89	100.75	100.75	54,156,900
Mar 3, 2025	101.52	102.34	97.09	98.23	98.23	38,958,000
Feb 28, 2025	99.56	101.80	98.69	99.86	99.86	45,194,600
Feb 27, 2025	105.08	105.76	99.50	99.51	99.51	47,263,700
Feb 26, 2025	104.95	105.80	103.99	104.74	104.74	29,178,200
Feb 25, 2025	107.89	108.64	103.62	103.96	103.96	39,169,200
Feb 24, 2025	111.49	111.60	107.98	108.11	108.11	29,072,200
Feb 21, 2025	114.85	115.76	110.43	110.84	110.84	41,353,700
Feb 20, 2025	115.01	116.55	113.11	114.17	114.17	27,219,600
Feb 19, 2025	114.25	116.11	113.14	114.69	114.69	28,807,700
Feb 18, 2025	114.05	115.55	113.45	114.28	114.28	31,720,300
Feb 14, 2025	112.65	114.63	111.70	113.10	113.10	32,477,200
Feb 13, 2025	112.00	114.60	110.40	111.81	111.81	40,911,800
Feb 12, 2025	109.52	111.84	109.06	111.72	111.72	25,319,700
Feb 11, 2025	108.98	113.07	108.94	111.10	111.10	35,033,800
Feb 10, 2025	108.44	111.40	108.15	110.48	110.48	34,905,400
Feb 7, 2025	109.13	109.92	106.79	107.56	107.56	46,082,500
Feb 6, 2025	110.93	112.56	109.02	110.16	110.16	50,426,600
Feb 5, 2025	107.61	112.09	106.50	112.01	112.01	110,385,200
Feb 4, 2025	115.45	119.85	114.79	119.50	119.50	69,412,100
Feb 3, 2025	113.88	115.16	112.98	114.27	114.27	34,586,100
Jan 31, 2025	119.14	119.57	115.33	115.95	115.95	40,463,400
Jan 30, 2025	118.53	120.44	117.09	118.86	118.86	29,788,400
Jan 29, 2025	115.77	118.52	114.96	117.35	117.35	40,199,100
Jan 28, 2025	115.18	116.15	112.95	114.17	114.17	40,554,800
Jan 27, 2025	117.80	118.08	112.80	115.01	115.01	61,067,900
Jan 24, 2025	124.55	125.25	122.23	122.84	122.84	31,570,300
Jan 23, 2025	121.43	123.71	120.63	123.04	123.04	24,921,100
Jan 22, 2025	123.08	125.65	121.91	123.75	123.75	35,023,800
Jan 21, 2025	122.39	123.75	121.12	122.28	122.28	31,578,800
Jan 17, 2025	120.78	122.74	120.55	121.46	121.46	35,765,900
Jan 16, 2025	120.24	121.09	118.25	118.44	118.44	29,414,100
Jan 15, 2025	117.55	120.42	117.46	119.96	119.96	38,185,800
Jan 14, 2025	118.00	118.66	114.50	116.09	116.09	37,005,300
Jan 13, 2025	115.28	117.48	114.41	117.32	117.32	39,128,900
Jan 10, 2025	118.18	118.71	114.45	116.04	116.04	59,415,600
Jan 8, 2025	124.51	125.30	120.12	121.84	121.84	46,723,100
Jan 7, 2025	130.51	131.71	126.85	127.33	127.33	39,220,400
Jan 6, 2025	129.07	130.73	127.36	129.55	129.55	48,020,200
Jan 3, 2025	121.65	125.56	121.42	125.37	125.37	36,785,300
Jan 2, 2025	122.29	123.14	119.44	120.63	120.63	34,256,200
Dec 31, 2024	123.10	123.55	120.14	120.79	120.79	30,203,400
Dec 30, 2024	123.56	124.10	122.35	122.44	122.44	30,501,600
Dec 27, 2024	124.37	126.18	122.26	125.19	125.19	32,924,000
Dec 26, 2024	125.52	127.30	125.05	125.06	125.06	24,998,200
Dec 24, 2024	127.51	127.51	124.66	126.29	126.29	24,829,600
Dec 23, 2024	120.71	126.34	120.47	124.60	124.60	47,777,900
Dec 20, 2024	118.00	121.86	117.90	119.21	119.21	53,591,200
Dec 19, 2024	122.16	123.38	118.45	118.88	118.88	46,160,700
Dec 18, 2024	125.43	127.75	120.43	121.41	121.41	49,724,400
Dec 17, 2024	124.45	127.08	123.15	125.02	125.02	43,314,900
Dec 16, 2024	126.01	127.76	123.12	126.69	126.69	42,090,300
Dec 13, 2024	131.30	131.30	124.77	126.91	126.91	67,544,700
Dec 12, 2024	130.00	132.32	129.07	130.60	130.60	34,267,100
Dec 11, 2024	128.52	131.21	126.22	130.15	130.15	45,588,100
Dec 10, 2024	131.56	131.56	127.07	127.74	127.74	38,907,200
Dec 9, 2024	135.71	135.77	130.00	130.87	130.87	57,055,600
Dec 6, 2024	141.48	142.79	137.40	138.59	138.59	33,576,800
Dec 5, 2024	143.68	143.95	140.38	141.36	141.36	29,576,900
Dec 4, 2024	142.96	144.12	141.18	143.99	143.99	25,942,700
Dec 3, 2024	142.58	143.45	141.08	141.98	141.98	22,665,300
Dec 2, 2024	137.92	142.82	137.80	142.06	142.06	33,102,400
Nov 29, 2024	136.24	138.59	135.78	137.18	137.18	16,085,700
Nov 27, 2024	137.20	137.94	132.96	136.24	136.24	30,175,300
Nov 26, 2024	142.55	142.80	136.62	137.72	137.72	32,092,400
Nov 25, 2024	140.49	142.35	139.05	141.13	141.13	30,923,100
Nov 22, 2024	137.35	139.13	137.04	138.35	138.35	21,784,700
Nov 21, 2024	138.87	140.28	134.93	137.49	137.49	29,311,400
Nov 20, 2024	138.96	140.77	135.48	137.60	137.60	28,843,100
Nov 19, 2024	137.41	139.75	137.14	139.39	139.39	23,131,400
Nov 18, 2024	138.19	140.90	137.21	138.93	138.93	38,705,400
Nov 15, 2024	136.57	137.35	133.65	134.90	134.90	44,217,500
Nov 14, 2024	140.34	141.40	138.56	138.84	138.84	31,681,400
Nov 13, 2024	142.86	144.49	139.07	139.30	139.30	35,146,600
Nov 12, 2024	147.00	147.45	141.55	143.63	143.63	33,560,300
Nov 11, 2024	147.38	148.57	144.91	147.35	147.35	29,868,100
Nov 8, 2024	149.39	150.71	147.53	147.95	147.95	27,560,300
Nov 7, 2024	146.68	150.12	145.66	149.82	149.82	30,326,400
Nov 6, 2024	144.95	145.63	141.52	145.10	145.10	32,911,500
Nov 5, 2024	141.94	143.08	140.80	141.66	141.66	27,067,300
Nov 4, 2024	141.70	143.64	139.72	140.71	140.71	29,117,400
Nov 1, 2024	144.44	144.54	141.32	141.86	141.86	39,027,400
Oct 31, 2024	147.80	148.68	143.33	144.07	144.07	44,386,600
Oct 30, 2024	153.01	153.12	148.10	148.60	148.60	87,701,700
Oct 29, 2024	161.10	167.51	158.94	166.25	166.25	71,896,000
Oct 28, 2024	158.50	160.28	157.04	159.92	159.92	36,010,100
Oct 25, 2024	155.40	158.91	155.05	156.23	156.23	29,758,500
Oct 24, 2024	154.74	155.19	152.35	153.44	153.44	22,877,000
Oct 23, 2024	153.00	153.45	150.52	152.91	152.91	26,095,900
Oct 22, 2024	156.60	156.74	151.91	154.09	154.09	34,997,400
Oct 21, 2024	155.76	158.00	154.15	157.90	157.90	25,781,200
Oct 18, 2024	157.41	158.01	155.56	155.97	155.97	23,823,000
Oct 17, 2024	160.00	160.44	156.20	156.25	156.25	29,491,900
Oct 16, 2024	158.07	158.28	154.92	156.13	156.13	30,575,800
Oct 15, 2024	163.21	164.13	155.74	156.64	156.64	50,768,000
Oct 14, 2024	167.77	168.90	165.15	165.27	165.27	31,757,200
Oct 11, 2024	164.19	169.35	163.01	167.89	167.89	42,136,200
Oct 10, 2024	169.76	172.01	162.00	164.18	164.18	75,113,600
Oct 9, 2024	174.05	174.05	169.55	171.02	171.02	33,890,700
Oct 8, 2024	171.75	173.60	170.00	172.80	172.80	34,730,200
Oct 7, 2024	171.08	172.41	168.21	170.97	170.97	38,379,900
Oct 4, 2024	166.53	171.21	164.42	170.90	170.90	44,556,500
Oct 3, 2024	159.71	166.79	159.40	162.85	162.85	29,598,800
Oct 2, 2024	159.31	163.10	158.67	159.78	159.78	24,630,400
Oct 1, 2024	164.48	165.40	158.08	159.75	159.75	31,831,900
Sep 30, 2024	163.10	165.08	162.18	164.08	164.08	21,881,600
Sep 27, 2024	167.48	168.73	163.74	164.35	164.35	27,876,000
Sep 26, 2024	167.06	168.68	164.05	167.49	167.49	38,044,900
Sep 25, 2024	158.50	162.95	158.18	162.02	162.02	35,233,300
Sep 24, 2024	157.46	159.64	154.58	158.32	158.32	27,531,200
Sep 23, 2024	156.45	157.19	154.97	156.75	156.75	21,728,500
Sep 20, 2024	156.00	157.45	152.47	155.95	155.95	40,248,200
Sep 19, 2024	153.81	159.25	152.77	156.74	156.74	44,500,000
Sep 18, 2024	150.90	152.82	148.01	148.29	148.29	26,320,100
Sep 17, 2024	153.55	154.04	149.23	150.82	150.82	29,889,000
Sep 16, 2024	151.70	154.44	150.91	152.08	152.08	27,677,800
Sep 13, 2024	152.32	153.03	150.70	152.31	152.31	25,117,200
Sep 12, 2024	148.43	151.54	147.65	150.77	150.77	29,233,700
Sep 11, 2024	145.32	150.16	140.71	149.86	149.86	50,935,400
Sep 10, 2024	139.06	143.08	137.25	142.84	142.84	37,217,500
Sep 9, 2024	136.10	138.45	134.86	138.15	138.15	27,194,500
Sep 6, 2024	138.70	139.13	132.11	134.35	134.35	39,993,500
Sep 5, 2024	138.20	141.71	137.83	139.44	139.44	25,023,000
Sep 4, 2024	140.51	143.37	138.51	140.87	140.87	42,130,600
Sep 3, 2024	146.41	146.49	136.10	136.94	136.94	42,172,700
Aug 30, 2024	147.52	148.99	145.25	148.56	148.56	31,169,100
Aug 29, 2024	146.59	149.49	144.47	145.49	145.49	31,602,100
Aug 28, 2024	149.40	150.43	144.72	146.36	146.36	34,075,800
Aug 27, 2024	150.13	151.70	148.44	150.50	150.50	35,102,700
Aug 26, 2024	154.70	158.28	148.91	149.99	149.99	49,893,300
Aug 23, 2024	153.60	156.40	151.83	154.98	154.98	43,694,600
Aug 22, 2024	158.87	159.84	151.01	151.70	151.70	45,737,300
Aug 21, 2024	156.12	158.65	155.07	157.81	157.81	42,791,200
Aug 20, 2024	156.49	162.04	154.51	156.40	156.40	76,851,200
Aug 19, 2024	148.43	155.37	147.72	155.28	155.28	60,766,900
Aug 16, 2024	145.70	149.37	145.20	148.56	148.56	31,123,900
Aug 15, 2024	143.00	147.96	141.81	147.36	147.36	43,582,400
Aug 14, 2024	143.00	143.25	137.64	140.75	140.75	35,506,400
Aug 13, 2024	138.12	141.19	137.52	141.13	141.13	42,218,000
Aug 12, 2024	134.44	137.99	133.23	136.77	136.77	39,724,300
Aug 9, 2024	134.69	135.50	132.44	134.27	134.27	40,583,000
Aug 8, 2024	131.97	136.48	128.94	136.32	136.32	49,037,500
Aug 7, 2024	133.75	136.24	128.37	128.67	128.67	54,676,500
Aug 6, 2024	135.15	136.44	129.10	130.18	130.18	64,455,600
Aug 5, 2024	122.16	139.14	121.83	134.82	134.82	76,089,400
Aug 2, 2024	133.50	137.10	131.33	132.50	132.50	78,562,000
Aug 1, 2024	145.00	147.29	130.24	132.54	132.54	94,731,900
Jul 31, 2024	150.73	153.60	140.03	144.48	144.48	114,306,800
Jul 30, 2024	139.88	141.70	134.05	138.44	138.44	68,801,700
Jul 29, 2024	141.19	144.59	138.75	139.75	139.75	47,447,200
Jul 26, 2024	140.32	141.29	138.27	139.99	139.99	49,435,800
Jul 25, 2024	144.07	144.75	136.81	138.32	138.32	60,578,500
Jul 24, 2024	152.72	153.68	144.53	144.63	144.63	49,203,100
Jul 23, 2024	154.95	157.05	153.80	154.00	154.00	31,950,600
Jul 22, 2024	154.23	156.70	152.54	155.87	155.87	43,912,500
Jul 19, 2024	154.86	155.81	150.62	151.58	151.58	47,513,100
Jul 18, 2024	163.41	163.41	153.20	155.77	155.77	69,420,300
Jul 17, 2024	169.80	169.80	159.37	159.43	159.43	76,954,200
Jul 16, 2024	179.69	179.75	174.53	177.55	177.55	40,633,100
Jul 15, 2024	184.45	185.50	178.54	179.83	179.83	42,202,700
Jul 12, 2024	182.02	186.99	179.69	181.61	181.61	50,827,400
Jul 11, 2024	184.07	187.11	177.25	181.94	181.94	59,231,400
Jul 10, 2024	179.99	187.28	177.80	183.96	183.96	90,247,000
Jul 9, 2024	177.97	180.41	174.70	177.10	177.10	43,395,600
Jul 8, 2024	174.90	178.95	173.22	178.69	178.69	60,223,400
Jul 5, 2024	165.97	174.04	165.68	171.90	171.90	61,857,100
Jul 3, 2024	164.20	165.26	162.51	163.90	163.90	26,980,900
Jul 2, 2024	157.04	164.58	156.70	164.31	164.31	57,838,600
Jul 1, 2024	161.25	161.51	153.64	157.69	157.69	50,436,700
Jun 28, 2024	160.23	166.45	159.41	162.21	162.21	56,204,600
Jun 27, 2024	157.18	160.61	156.81	159.47	159.47	34,018,200
Jun 26, 2024	160.60	160.74	156.00	157.54	157.54	36,973,400
Jun 25, 2024	160.73	161.00	156.45	160.25	160.25	40,572,300
Jun 24, 2024	159.75	163.40	158.19	160.25	160.25	45,954,100
Jun 21, 2024	161.75	163.20	157.89	161.23	161.23	61,293,900
Jun 20, 2024	155.82	166.82	155.50	161.78	161.78	93,245,700
Jun 18, 2024	156.99	157.24	153.34	154.63	154.63	51,852,000
Jun 17, 2024	158.00	159.23	154.14	158.40	158.40	44,507,700
Jun 14, 2024	158.50	161.34	157.61	159.63	159.63	34,054,000
Jun 13, 2024	160.40	162.66	157.31	159.90	159.90	44,442,500
Jun 12, 2024	160.32	162.24	158.62	160.24	160.24	48,325,800
Jun 11, 2024	160.50	161.54	156.92	158.96	158.96	40,497,100
Jun 10, 2024	162.48	165.55	159.61	160.34	160.34	67,444,600
Jun 7, 2024	166.59	169.45	165.86	167.87	167.87	44,796,000
Jun 6, 2024	165.46	169.51	163.86	166.78	166.78	47,153,700
Jun 5, 2024	162.07	167.12	161.38	166.17	166.17	60,507,500
Jun 4, 2024	162.84	164.83	158.87	159.99	159.99	48,157,200
Jun 3, 2024	170.82	171.08	160.91	163.55	163.55	59,157,600
May 31, 2024	166.65	169.50	160.07	166.90	166.90	64,331,900
May 30, 2024	167.90	168.75	163.80	166.75	166.75	46,367,000
May 29, 2024	167.46	168.48	162.91	165.14	165.14	56,537,500
May 28, 2024	169.42	174.55	164.96	171.61	171.61	66,495,400
May 24, 2024	161.41	167.66	160.25	166.36	166.36	54,868,600
May 23, 2024	170.18	173.14	158.27	160.43	160.43	91,888,800
May 22, 2024	167.41	169.81	163.86	165.52	165.52	47,426,700
May 21, 2024	164.00	165.83	163.10	164.66	164.66	30,005,500
May 20, 2024	165.55	168.49	164.47	166.33	166.33	45,618,000
May 17, 2024	168.43	169.72	162.32	164.47	164.47	65,944,400
May 16, 2024	160.92	168.06	159.90	162.62	162.62	76,726,700
May 15, 2024	155.59	159.69	154.70	159.67	159.67	43,195,900
May 14, 2024	150.43	153.49	148.78	153.16	153.16	31,938,300
May 13, 2024	151.28	153.33	150.40	150.56	150.56	27,859,200
May 10, 2024	154.29	156.37	151.31	151.92	151.92	37,652,800
May 9, 2024	153.13	154.09	150.61	152.39	152.39	33,018,000
May 8, 2024	153.40	155.33	152.52	153.62	153.62	28,728,000
May 7, 2024	156.32	157.70	153.66	154.43	154.43	37,374,900
May 6, 2024	153.10	156.65	151.26	155.78	155.78	44,624,500
May 3, 2024	148.75	150.79	147.24	150.60	150.60	49,361,100
May 2, 2024	145.51	147.62	141.16	146.16	146.16	50,034,700
May 1, 2024	148.11	151.37	142.14	144.27	144.27	89,413,200
Apr 30, 2024	160.63	162.29	158.35	158.38	158.38	60,742,800
Apr 29, 2024	159.08	160.77	156.26	160.20	160.20	43,478,200
Apr 26, 2024	154.24	158.63	153.43	157.40	157.40	42,510,700
Apr 25, 2024	149.15	155.14	146.75	153.76	153.76	41,471,400
Apr 24, 2024	156.56	157.66	150.63	151.74	151.74	43,412,600
Apr 23, 2024	151.65	153.50	150.35	152.27	152.27	46,051,900
Apr 22, 2024	148.15	149.89	145.63	148.64	148.64	49,397,000
Apr 19, 2024	151.59	154.25	145.29	146.64	146.64	71,618,200
Apr 18, 2024	155.51	156.96	152.32	155.08	155.08	52,669,800
Apr 17, 2024	163.97	164.45	153.88	154.02	154.02	75,909,000
Apr 16, 2024	162.28	164.88	161.67	163.46	163.46	55,302,100
Apr 15, 2024	164.43	164.44	158.76	160.32	160.32	61,461,200
Apr 12, 2024	164.53	165.70	161.82	163.28	163.28	63,519,600
Apr 11, 2024	167.55	170.95	166.55	170.50	170.50	48,994,500
Apr 10, 2024	166.71	169.78	164.00	167.14	167.14	59,600,000
Apr 9, 2024	170.21	171.60	167.29	170.78	170.78	42,886,100
Apr 8, 2024	168.20	171.66	166.82	169.90	169.90	43,997,500
Apr 5, 2024	168.10	172.69	165.58	170.42	170.42	66,080,300
Apr 4, 2024	182.92	183.02	165.65	165.83	165.83	88,280,000
Apr 3, 2024	177.54	182.05	176.70	180.77	180.77	49,835,100
Apr 2, 2024	179.47	180.10	174.83	178.70	178.70	61,598,800
Apr 1, 2024	180.10	187.24	179.90	183.34	183.34	74,299,900
Mar 28, 2024	179.47	183.40	178.30	180.49	180.49	57,628,600
Mar 27, 2024	179.96	181.23	175.40	179.59	179.59	55,685,600
Mar 26, 2024	179.54	182.60	176.33	177.87	177.87	65,322,400
Mar 25, 2024	172.90	182.80	172.00	178.63	178.63	71,935,300
Mar 22, 2024	177.21	180.76	175.05	179.65	179.65	57,899,100
Mar 21, 2024	185.97	187.69	177.66	178.68	178.68	75,265,600
Mar 20, 2024	182.03	182.68	174.00	179.73	179.73	81,773,100
Mar 19, 2024	183.16	185.61	177.36	181.42	181.42	83,509,500
Mar 18, 2024	193.29	193.50	188.05	190.65	190.65	59,306,900
Mar 15, 2024	184.83	193.80	184.48	191.06	191.06	95,289,500
Mar 14, 2024	192.92	196.93	184.03	187.06	187.06	84,490,500
Mar 13, 2024	198.73	198.83	192.70	194.79	194.79	70,526,900
Mar 12, 2024	200.52	202.85	194.27	202.76	202.76	68,951,700
Mar 11, 2024	203.01	203.55	196.70	198.39	198.39	73,098,600
Mar 8, 2024	213.41	227.30	205.60	207.39	207.39	120,815,200
Mar 7, 2024	212.52	213.83	208.22	211.38	211.38	63,869,000
Mar 6, 2024	210.43	214.81	207.32	210.63	210.63	86,687,000
Mar 5, 2024	200.50	205.33	199.15	205.13	205.13	65,407,100
Mar 4, 2024	205.16	211.01	203.50	205.36	205.36	86,835,300
Mar 1, 2024	197.91	202.72	195.42	202.64	202.64	103,820,800
Feb 29, 2024	179.82	193.00	179.82	192.53	192.53	105,538,500
Feb 28, 2024	176.25	176.84	173.59	176.54	176.54	35,914,400
Feb 27, 2024	175.92	178.46	172.49	178.00	178.00	43,665,200
Feb 26, 2024	178.78	179.84	174.81	176.01	176.01	45,435,100
Feb 23, 2024	181.86	183.80	174.55	176.52	176.52	69,207,400
Feb 22, 2024	173.20	183.83	172.00	181.86	181.86	100,684,700
Feb 21, 2024	162.74	164.90	161.81	164.29	164.29	48,365,700
Feb 20, 2024	171.14	171.81	162.00	165.69	165.69	66,550,000
Feb 16, 2024	177.45	180.33	173.25	173.87	173.87	53,940,300
Feb 15, 2024	179.14	180.50	175.26	176.76	176.76	51,126,400
Feb 14, 2024	173.47	178.74	172.88	178.70	178.70	57,402,500
Feb 13, 2024	167.94	173.17	164.30	171.54	171.54	63,071,300
Feb 12, 2024	172.68	177.41	170.67	171.91	171.91	58,177,100
Feb 9, 2024	171.00	175.10	168.66	172.48	172.48	56,375,700
Feb 8, 2024	170.33	172.17	168.60	169.35	169.35	43,385,300
Feb 7, 2024	169.47	172.97	168.20	170.94	170.94	53,665,400
Feb 6, 2024	173.15	173.88	165.50	167.88	167.88	68,854,100
Feb 5, 2024	179.09	180.01	171.11	174.23	174.23	76,349,200
Feb 2, 2024	173.79	179.00	173.05	177.66	177.66	82,134,300
Feb 1, 2024	169.27	171.14	165.86	170.48	170.48	91,576,700
Jan 31, 2024	165.74	171.30	162.56	167.69	167.69	133,157,300
Jan 30, 2024	176.13	178.48	169.52	172.06	172.06	122,265,700
Jan 29, 2024	178.77	178.89	174.40	177.83	177.83	89,384,500
Jan 26, 2024	175.29	181.23	174.15	177.25	177.25	107,381,200
Jan 25, 2024	183.41	184.92	177.63	180.33	180.33	127,171,400
Jan 24, 2024	172.55	180.58	170.56	178.29	178.29	125,516,400
Jan 23, 2024	166.50	169.63	164.27	168.42	168.42	76,830,500
Jan 22, 2024	174.39	174.72	164.15	168.18	168.18	122,973,800
Jan 19, 2024	165.80	174.25	162.20	174.23	174.23	140,367,900
Jan 18, 2024	166.20	168.60	158.22	162.67	162.67	131,864,900
Jan 17, 2024	158.45	160.64	154.40	160.17	160.17	104,085,000
Jan 16, 2024	150.36	159.72	149.98	158.74	158.74	112,711,400
Jan 12, 2024	148.04	148.75	145.00	146.56	146.56	48,293,100
Jan 11, 2024	148.52	150.38	143.69	148.02	148.02	62,764,600
Jan 10, 2024	150.07	150.88	146.65	148.54	148.54	56,951,200
Jan 9, 2024	145.95	149.86	145.08	149.26	149.26	67,875,700
Jan 8, 2024	140.36	147.15	140.15	146.18	146.18	71,756,900
Jan 5, 2024	136.78	141.01	136.44	138.58	138.58	69,657,700
Jan 4, 2024	134.30	137.70	134.00	136.01	136.01	58,610,300
Jan 3, 2024	135.71	137.43	133.74	135.32	135.32	61,988,600
Jan 2, 2024	144.28	144.40	137.43	138.58	138.58	64,902,000
Dec 29, 2023	149.50	151.05	147.20	147.41	147.41	62,079,200
Dec 28, 2023	146.80	150.41	145.95	148.76	148.76	63,800,700
Dec 27, 2023	144.72	146.25	143.18	146.07	146.07	49,033,400
Dec 26, 2023	140.07	143.85	139.92	143.41	143.41	47,157,400
Dec 22, 2023	140.48	140.70	138.31	139.60	139.60	35,396,600
Dec 21, 2023	138.14	139.98	137.38	139.91	139.91	47,179,400
Dec 20, 2023	139.00	139.58	135.37	135.47	135.47	54,671,700
Dec 19, 2023	138.57	143.47	138.56	140.15	140.15	63,739,800
Dec 18, 2023	139.15	139.79	137.65	138.90	138.90	45,199,500
Dec 15, 2023	139.52	140.89	137.25	139.15	139.15	70,211,800
Dec 14, 2023	138.89	141.82	135.73	138.00	138.00	76,115,200
Dec 13, 2023	137.97	139.24	136.03	138.19	138.19	70,651,600
Dec 12, 2023	132.25	139.89	131.90	137.61	137.61	111,677,800
Dec 11, 2023	130.56	135.04	128.25	134.41	134.41	98,668,300
Dec 8, 2023	129.54	131.00	126.89	128.92	128.92	89,341,000
Dec 7, 2023	120.79	128.68	119.56	128.37	128.37	118,579,100
Dec 6, 2023	120.69	122.83	116.38	116.82	116.82	60,599,000
Dec 5, 2023	117.43	118.49	116.45	118.38	118.38	39,191,600
Dec 4, 2023	119.75	119.90	116.37	118.57	118.57	39,854,400
Dec 1, 2023	119.88	121.40	118.65	121.39	121.39	37,048,000
Nov 30, 2023	123.61	124.05	119.65	121.16	121.16	44,494,200
Nov 29, 2023	123.98	125.73	123.48	123.85	123.85	37,876,300
Nov 28, 2023	121.98	122.54	120.79	122.01	122.01	32,047,100
Nov 27, 2023	122.07	123.89	121.77	122.65	122.65	32,743,000
Nov 24, 2023	122.03	123.25	121.54	122.31	122.31	19,001,000
Nov 22, 2023	120.00	124.76	119.95	122.51	122.51	56,862,200
Nov 21, 2023	120.54	120.65	117.94	119.16	119.16	41,064,800
Nov 20, 2023	120.70	121.93	120.07	121.53	121.53	43,138,700
Nov 17, 2023	119.64	121.49	118.82	120.62	120.62	38,508,900
Nov 16, 2023	117.20	120.73	116.41	119.83	119.83	49,661,900
Nov 15, 2023	120.54	120.59	116.87	118.00	118.00	59,555,600
Nov 14, 2023	119.70	122.11	119.22	119.88	119.88	61,017,400
Nov 13, 2023	118.34	118.68	116.00	116.79	116.79	46,741,900
Nov 10, 2023	114.35	119.70	114.03	118.59	118.59	75,135,900
Nov 9, 2023	114.10	115.81	113.06	113.49	113.49	61,146,900
Nov 8, 2023	113.55	115.32	112.88	113.59	113.59	41,880,600
Nov 7, 2023	111.86	114.65	111.22	113.45	113.45	50,550,200
Nov 6, 2023	112.60	113.08	110.22	111.75	111.75	49,270,400
Nov 3, 2023	109.05	113.39	107.86	112.25	112.25	65,632,200
Nov 2, 2023	107.96	109.41	105.91	107.83	107.83	71,377,000
Nov 1, 2023	98.58	108.15	98.50	108.04	108.04	138,641,500
Oct 31, 2023	96.24	98.82	94.07	98.50	98.50	79,547,100
Oct 30, 2023	96.14	97.04	94.70	96.18	96.18	43,716,600
Oct 27, 2023	95.80	97.35	94.59	96.43	96.43	52,458,700
Oct 26, 2023	95.99	97.52	93.12	93.67	93.67	49,896,400
Oct 25, 2023	100.42	101.03	95.23	96.06	96.06	53,424,500
Oct 24, 2023	100.97	101.79	99.38	101.67	101.67	51,982,900
Oct 23, 2023	100.81	102.42	99.32	100.01	100.01	50,817,400
Oct 20, 2023	102.28	104.34	101.44	101.81	101.81	61,317,900
Oct 19, 2023	103.81	105.60	101.84	102.40	102.40	52,734,200
Oct 18, 2023	103.38	104.78	101.74	102.17	102.17	50,450,000
Oct 17, 2023	103.54	106.29	101.66	105.14	105.14	49,642,100
Oct 16, 2023	105.42	107.48	105.03	106.46	106.46	42,464,500
Oct 13, 2023	108.65	108.97	104.75	105.09	105.09	52,881,500
Oct 12, 2023	108.40	111.31	107.51	108.79	108.79	60,959,400
Oct 11, 2023	109.14	110.10	106.93	108.31	108.31	51,085,600
Oct 10, 2023	107.49	110.12	106.40	109.01	109.01	57,105,500
Oct 9, 2023	106.01	107.31	104.79	106.97	106.97	39,593,200
Oct 6, 2023	102.16	107.87	102.03	107.24	107.24	64,864,100
Oct 5, 2023	103.41	103.74	100.27	102.91	102.91	51,789,700
Oct 4, 2023	100.65	104.40	100.34	104.07	104.07	51,023,200
Oct 3, 2023	101.80	103.29	99.17	100.08	100.08	48,117,000
Oct 2, 2023	102.21	103.71	101.70	103.27	103.27	45,118,600
Sep 29, 2023	104.69	104.94	102.56	102.82	102.82	56,078,600
Sep 28, 2023	97.94	104.20	97.76	102.76	102.76	72,542,100
Sep 27, 2023	96.82	99.23	96.35	98.07	98.07	51,261,500
Sep 26, 2023	96.50	97.83	95.27	95.96	95.96	42,866,500
Sep 25, 2023	95.95	97.45	94.46	97.38	97.38	43,223,700
Sep 22, 2023	96.92	98.42	95.61	96.20	96.20	52,169,400
Sep 21, 2023	98.60	98.87	95.84	96.11	96.11	59,704,300
Sep 20, 2023	102.36	103.94	100.28	100.34	100.34	55,180,600
Sep 19, 2023	101.75	102.86	100.70	101.61	101.61	41,704,100
Sep 18, 2023	100.82	102.99	99.45	102.37	102.37	49,061,300
Sep 15, 2023	106.07	106.76	101.28	101.49	101.49	71,103,600
Sep 14, 2023	108.43	109.15	106.22	106.63	106.63	45,920,600
Sep 13, 2023	105.10	108.74	104.83	107.71	107.71	44,702,300
Sep 12, 2023	104.20	106.74	103.18	105.31	105.31	44,413,600
Sep 11, 2023	107.32	107.51	103.00	105.32	105.32	50,611,300
Sep 8, 2023	107.02	109.74	105.75	106.09	106.09	46,232,000
Sep 7, 2023	106.14	107.69	105.09	106.59	106.59	49,080,100
Sep 6, 2023	110.56	111.33	108.22	109.28	109.28	47,736,700
Sep 5, 2023	109.00	111.82	106.30	110.78	110.78	66,042,200
Sep 1, 2023	107.00	110.06	106.61	109.45	109.45	54,856,100
Aug 31, 2023	106.19	108.06	104.86	105.72	105.72	58,919,000
Aug 30, 2023	105.40	107.67	104.50	106.59	106.59	54,847,300
Aug 29, 2023	102.11	106.57	101.79	105.92	105.92	50,850,300
Aug 28, 2023	103.47	104.07	100.89	102.61	102.61	55,386,800
Aug 25, 2023	101.17	104.12	99.58	102.25	102.25	74,793,100
Aug 24, 2023	111.06	111.64	100.87	101.80	101.80	109,179,100
Aug 23, 2023	105.65	110.08	105.00	109.43	109.43	54,656,300
Aug 22, 2023	109.40	109.72	104.85	105.66	105.66	47,295,200
Aug 21, 2023	106.20	108.54	105.67	108.22	108.22	49,319,200
Aug 18, 2023	102.40	106.07	101.68	105.45	105.45	59,916,700
Aug 17, 2023	107.62	107.85	104.10	104.44	104.44	59,064,300
Aug 16, 2023	110.09	110.44	106.98	107.19	107.19	54,327,300
Aug 15, 2023	111.99	113.18	110.17	111.35	111.35	53,816,600
Aug 14, 2023	106.75	111.99	105.42	111.98	111.98	57,421,800
Aug 11, 2023	108.85	109.07	106.48	107.57	107.57	55,667,700
Aug 10, 2023	111.30	113.89	109.47	110.23	110.23	57,297,800
Aug 9, 2023	112.89	113.15	108.78	110.47	110.47	56,257,100
Aug 8, 2023	114.94	115.46	111.41	113.23	113.23	54,141,800
Aug 7, 2023	116.36	119.08	115.49	116.81	116.81	65,854,800
Aug 4, 2023	114.48	118.85	113.96	115.82	115.82	83,169,700
Aug 3, 2023	108.95	114.96	108.95	113.15	113.15	90,605,400
Aug 2, 2023	119.49	119.50	107.38	109.35	109.35	173,372,000
Aug 1, 2023	114.26	118.19	113.16	117.60	117.60	95,279,300
Jul 31, 2023	114.16	114.68	112.35	114.40	114.40	54,187,300
Jul 28, 2023	113.38	114.86	112.44	112.96	112.96	55,526,000
Jul 27, 2023	111.79	115.08	110.51	111.10	111.10	70,678,000
Jul 26, 2023	111.91	112.36	109.30	110.09	110.09	51,721,700
Jul 25, 2023	111.14	114.05	111.00	113.00	113.00	44,916,300
Jul 24, 2023	110.62	111.31	108.55	110.61	110.61	45,583,600
Jul 21, 2023	110.97	112.30	109.54	110.95	110.95	76,815,400
Jul 20, 2023	114.96	115.05	109.24	110.25	110.25	76,340,400
Jul 19, 2023	121.30	121.67	115.55	116.43	116.43	70,363,100
Jul 18, 2023	117.55	118.43	115.19	117.93	117.93	57,980,100
Jul 17, 2023	115.95	118.84	112.73	118.32	118.32	68,593,300
Jul 14, 2023	116.17	122.12	115.25	115.94	115.94	91,927,200
Jul 13, 2023	115.76	116.16	113.58	115.92	115.92	49,206,700
Jul 12, 2023	112.89	115.40	112.31	114.58	114.58	57,993,100
Jul 11, 2023	111.66	113.27	109.50	111.32	111.32	59,899,500
Jul 10, 2023	113.00	113.61	109.88	113.58	113.58	49,330,200
Jul 7, 2023	114.16	115.33	113.04	113.17	113.17	37,211,300
Jul 6, 2023	112.07	113.79	110.31	113.48	113.48	42,342,000
Jul 5, 2023	116.10	117.66	113.86	113.95	113.95	49,501,600
Jul 3, 2023	115.16	116.73	114.51	115.82	115.82	31,860,000
Jun 30, 2023	113.03	114.69	112.41	113.91	113.91	53,378,800
Jun 29, 2023	112.07	112.76	109.84	111.24	111.24	58,347,200
Jun 28, 2023	108.21	111.78	107.63	110.17	110.17	67,534,100
Jun 27, 2023	108.57	110.97	107.08	110.39	110.39	59,381,600
Jun 26, 2023	110.95	112.55	107.20	107.51	107.51	68,557,000
Jun 23, 2023	109.31	111.10	107.46	110.01	110.01	73,622,000
Jun 22, 2023	112.24	114.00	109.85	110.70	110.70	70,754,800
Jun 21, 2023	118.49	119.19	111.67	112.11	112.11	82,835,600
Jun 20, 2023	119.09	121.75	117.70	118.93	118.93	58,851,800
Jun 16, 2023	125.82	125.85	119.90	120.08	120.08	82,007,100
Jun 15, 2023	125.39	125.70	122.26	124.24	124.24	85,587,100
Jun 14, 2023	126.53	127.73	123.81	127.33	127.33	95,888,100
Jun 13, 2023	132.32	132.83	122.45	124.53	124.53	132,461,900
Jun 12, 2023	128.52	130.48	126.40	129.19	129.19	85,394,700
Jun 9, 2023	123.57	127.25	123.55	124.92	124.92	75,105,000
Jun 8, 2023	118.30	122.21	117.05	121.05	121.05	65,246,900
Jun 7, 2023	124.03	125.34	117.07	117.83	117.83	81,755,200
Jun 6, 2023	117.91	124.42	117.74	124.23	124.23	75,257,500
Jun 5, 2023	116.59	119.32	116.42	117.93	117.93	52,602,900
Jun 2, 2023	120.75	121.66	117.68	117.86	117.86	52,382,400
Jun 1, 2023	117.29	121.28	116.60	119.47	119.47	66,032,900
May 31, 2023	122.42	123.96	117.86	118.21	118.21	87,552,200
May 30, 2023	130.42	130.79	123.51	125.27	125.27	98,902,300
May 26, 2023	122.46	127.43	120.89	127.03	127.03	92,922,800
May 25, 2023	117.31	120.69	115.80	120.35	120.35	108,514,700
May 24, 2023	105.98	108.91	105.64	108.27	108.27	65,910,500
May 23, 2023	107.25	110.99	107.19	108.12	108.12	73,099,100
May 22, 2023	104.68	108.79	103.49	108.00	108.00	65,424,200
May 19, 2023	106.36	107.29	104.62	105.82	105.82	67,880,200
May 18, 2023	103.98	108.10	103.93	107.93	107.93	74,338,700
May 17, 2023	101.79	104.14	100.05	103.75	103.75	75,240,900
May 16, 2023	97.39	103.28	97.31	101.48	101.48	90,622,900
May 15, 2023	95.20	97.43	93.45	97.40	97.40	51,749,200
May 12, 2023	96.83	97.45	93.68	95.26	95.26	53,829,700
May 11, 2023	98.16	99.19	96.14	97.10	97.10	57,061,000
May 10, 2023	96.42	99.94	96.12	97.02	97.02	95,619,500
May 9, 2023	94.89	96.16	93.43	95.06	95.06	68,674,800
May 8, 2023	89.99	95.66	89.17	95.04	95.04	95,503,200
May 5, 2023	84.99	90.43	84.72	89.84	89.84	78,491,100
May 4, 2023	81.57	91.64	81.11	86.61	86.61	122,840,500
May 3, 2023	83.54	85.48	81.02	81.62	81.62	109,482,200
May 2, 2023	89.32	90.46	88.12	89.91	89.91	70,483,500
May 1, 2023	91.03	91.04	88.61	89.69	89.69	59,358,700
Apr 28, 2023	87.02	89.75	86.44	89.37	89.37	50,686,100
Apr 27, 2023	86.41	87.57	84.09	87.44	87.44	53,087,200
Apr 26, 2023	86.51	87.35	85.32	85.94	85.94	47,786,600
Apr 25, 2023	86.90	87.06	83.76	83.80	83.80	52,771,500
Apr 24, 2023	88.11	88.64	86.34	87.57	87.57	40,423,800
Apr 21, 2023	89.80	89.80	88.06	88.43	88.43	41,118,300
Apr 20, 2023	88.83	91.58	88.73	90.11	90.11	47,082,700
Apr 19, 2023	88.51	90.54	88.22	89.94	89.94	37,344,500
Apr 18, 2023	91.61	92.16	89.33	89.78	89.78	46,246,300
Apr 17, 2023	90.23	90.69	88.30	89.87	89.87	47,250,800
Apr 14, 2023	91.82	92.97	90.50	91.75	91.75	38,734,800
Apr 13, 2023	92.79	93.16	91.83	92.09	92.09	40,572,500
Apr 12, 2023	94.97	95.00	91.74	92.33	92.33	53,383,100
Apr 11, 2023	96.06	96.07	92.69	94.03	94.03	51,935,800
Apr 10, 2023	91.32	95.80	91.02	95.48	95.48	52,536,300
Apr 6, 2023	91.47	92.91	90.62	92.47	92.47	47,778,400
Apr 5, 2023	94.35	94.50	91.36	92.56	92.56	52,979,300
Apr 4, 2023	97.04	97.27	95.21	95.87	95.87	43,195,900
Apr 3, 2023	96.70	96.79	94.81	96.56	96.56	50,655,300
Mar 31, 2023	96.34	98.36	95.27	98.01	98.01	55,861,100
Mar 30, 2023	98.00	99.53	97.25	97.88	97.88	59,678,500
Mar 29, 2023	96.07	96.91	94.87	96.09	96.09	55,326,000
Mar 28, 2023	96.77	96.94	92.87	94.56	94.56	59,150,100
Mar 27, 2023	98.02	98.93	95.43	96.61	96.61	57,461,400
Mar 24, 2023	99.18	99.52	96.74	97.95	97.95	64,712,400
Mar 23, 2023	100.05	102.43	98.67	100.28	100.28	84,088,900
Mar 22, 2023	95.65	101.70	95.64	97.58	97.58	110,816,300
Mar 21, 2023	97.00	99.46	93.64	95.93	95.93	85,285,300
Mar 20, 2023	96.30	96.94	92.90	96.81	96.81	92,008,900
Mar 17, 2023	96.66	98.75	95.94	97.84	97.84	94,080,800
Mar 16, 2023	89.72	96.69	89.02	96.60	96.60	115,839,200
Mar 15, 2023	86.77	90.42	86.22	89.68	89.68	86,177,400
Mar 14, 2023	83.67	88.30	83.59	87.45	87.45	66,616,300
Mar 13, 2023	81.39	83.83	78.52	82.01	82.01	65,269,100
Mar 10, 2023	84.47	85.45	81.63	82.67	82.67	70,273,600
Mar 9, 2023	85.29	87.81	83.59	84.03	84.03	79,496,700
Mar 8, 2023	82.79	85.77	82.28	85.37	85.37	69,529,800
Mar 7, 2023	81.07	84.85	80.67	82.11	82.11	70,959,000
Mar 6, 2023	82.03	83.30	81.04	81.16	81.16	54,541,300
Mar 3, 2023	80.40	81.63	79.34	81.52	81.52	54,536,200
Mar 2, 2023	77.57	80.92	76.65	80.44	80.44	60,108,600
Mar 1, 2023	78.55	80.29	77.88	78.29	78.29	44,266,000
Feb 28, 2023	77.87	80.14	77.42	78.58	78.58	44,220,100
Feb 27, 2023	79.64	80.12	78.53	78.77	78.77	45,617,300
Feb 24, 2023	77.75	78.81	76.94	78.09	78.09	46,700,000
Feb 23, 2023	80.63	81.79	77.97	79.75	79.75	76,391,300
Feb 22, 2023	76.93	78.13	75.92	76.61	76.61	50,286,800
Feb 21, 2023	77.15	78.46	76.45	76.77	76.77	44,045,600
Feb 17, 2023	79.60	79.65	77.37	78.50	78.50	47,826,600
Feb 16, 2023	82.98	83.35	80.05	80.08	80.08	57,755,200
Feb 15, 2023	85.10	85.89	83.32	85.18	85.18	46,430,200
Feb 14, 2023	82.70	86.19	81.77	85.95	85.95	55,979,700
Feb 13, 2023	81.57	84.15	80.90	83.13	83.13	45,400,000
Feb 10, 2023	82.29	82.71	80.47	81.48	81.48	49,332,600
Feb 9, 2023	85.88	86.67	82.76	83.21	83.21	46,525,400
Feb 8, 2023	85.88	88.00	84.54	84.69	84.69	54,140,400
Feb 7, 2023	84.32	86.25	82.52	85.91	85.91	65,291,900
Feb 6, 2023	84.63	86.28	83.22	83.68	83.68	53,008,900
Feb 3, 2023	86.66	88.80	85.83	86.09	86.09	66,557,800
Feb 2, 2023	84.29	88.94	83.20	88.31	88.31	97,762,100
Feb 1, 2023	78.47	85.48	77.88	84.64	84.64	152,548,200
Jan 31, 2023	72.26	75.20	72.03	75.15	75.15	71,669,100
Jan 30, 2023	74.23	74.64	72.40	72.45	72.45	48,105,200
Jan 27, 2023	73.70	76.74	73.49	75.40	75.40	58,118,600
Jan 26, 2023	76.50	77.08	74.28	75.16	75.16	49,583,900
Jan 25, 2023	72.90	75.12	72.09	74.91	74.91	49,932,600
Jan 24, 2023	73.75	75.64	73.42	74.70	74.70	60,822,600
Jan 23, 2023	72.22	76.59	71.54	76.53	76.53	84,293,200
Jan 20, 2023	68.01	70.13	67.45	70.07	70.07	47,757,600
Jan 19, 2023	68.97	69.25	67.27	67.71	67.71	47,189,900
Jan 18, 2023	71.87	72.78	70.50	70.53	70.53	39,538,700
Jan 17, 2023	70.87	72.66	70.65	71.59	71.59	42,621,300
Jan 13, 2023	69.84	71.10	69.23	71.00	71.00	45,757,400
Jan 12, 2023	70.07	71.65	67.18	70.80	70.80	70,066,200
Jan 11, 2023	68.39	69.13	67.22	69.06	69.06	44,470,100
Jan 10, 2023	66.67	68.15	66.56	68.05	68.05	41,149,600
Jan 9, 2023	66.22	69.32	65.67	67.24	67.24	69,741,300
Jan 6, 2023	63.15	64.30	60.05	63.96	63.96	70,161,300
Jan 5, 2023	64.15	64.35	62.30	62.33	62.33	46,159,500
Jan 4, 2023	65.00	65.79	63.31	64.66	64.66	47,477,100
Jan 3, 2023	66.00	66.88	63.59	64.02	64.02	46,851,800
Dec 30, 2022	63.77	64.82	63.14	64.77	64.77	37,127,000
Dec 29, 2022	63.64	65.18	63.06	64.82	64.82	41,428,500
Dec 28, 2022	62.54	63.54	61.96	62.57	62.57	39,526,500
Dec 27, 2022	63.87	64.28	62.97	63.27	63.27	36,086,000
Dec 23, 2022	63.11	64.66	62.72	64.52	64.52	45,923,000
Dec 22, 2022	66.08	66.31	62.26	63.86	63.86	73,917,700
Dec 21, 2022	65.43	67.85	65.21	67.68	67.68	44,167,600
Dec 20, 2022	63.76	66.06	63.52	65.05	65.05	52,431,300
Dec 19, 2022	65.12	65.59	63.71	64.59	64.59	46,246,900
Dec 16, 2022	66.25	67.19	64.80	65.41	65.41	62,438,600
Dec 15, 2022	67.60	68.21	66.12	66.53	66.53	58,557,000
Dec 14, 2022	70.93	72.00	68.32	68.93	68.93	67,278,000
Dec 13, 2022	74.87	75.21	70.66	71.65	71.65	72,458,000
Dec 12, 2022	68.54	70.67	67.53	70.67	70.67	60,968,300
Dec 9, 2022	69.49	70.67	68.52	68.59	68.59	59,058,300
Dec 8, 2022	70.14	71.22	69.00	70.47	70.47	56,734,100
Dec 7, 2022	69.53	71.37	69.28	70.14	70.14	59,180,100
Dec 6, 2022	73.08	73.39	69.40	70.27	70.27	64,965,200
Dec 5, 2022	74.54	75.17	72.82	73.62	73.62	47,022,200
Dec 2, 2022	75.05	76.28	73.65	74.98	74.98	64,377,200
Dec 1, 2022	78.31	79.23	76.44	77.48	77.48	59,833,400
Nov 30, 2022	73.38	77.70	72.81	77.63	77.63	88,468,400
Nov 29, 2022	73.62	74.49	72.78	73.39	73.39	51,846,400
Nov 28, 2022	73.81	75.47	72.57	73.19	73.19	45,383,800
Nov 25, 2022	75.67	76.04	74.75	75.14	75.14	26,018,900
Nov 23, 2022	75.49	78.22	75.30	76.40	76.40	81,623,600
Nov 22, 2022	72.72	75.33	72.11	75.25	75.25	55,450,200
Nov 21, 2022	72.21	72.98	71.57	72.46	72.46	51,536,300
Nov 18, 2022	75.07	75.35	72.18	73.57	73.57	73,223,200
Nov 17, 2022	70.56	74.38	70.16	73.90	73.90	82,320,800
Nov 16, 2022	73.66	74.83	71.93	72.70	72.70	79,968,000
Nov 15, 2022	77.26	79.16	75.39	76.37	76.37	108,946,300
Nov 14, 2022	75.22	75.25	72.67	73.53	73.53	108,892,800
Nov 11, 2022	69.58	73.32	68.29	72.37	72.37	111,709,500
Nov 10, 2022	64.30	68.80	63.62	68.47	68.47	107,996,300
Nov 9, 2022	62.28	63.05	59.80	59.92	59.92	62,940,300
Nov 8, 2022	64.09	64.96	62.37	63.85	63.85	75,938,000
Nov 7, 2022	62.93	63.53	61.40	63.08	63.08	62,722,500
Nov 4, 2022	62.50	63.00	60.53	62.19	62.19	84,791,300
Nov 3, 2022	58.11	62.28	58.03	60.11	60.11	95,279,900
Nov 2, 2022	63.00	63.93	58.57	58.63	58.63	142,669,400
Nov 1, 2022	61.49	61.99	59.43	59.66	59.66	83,806,700
Oct 31, 2022	60.75	61.86	59.53	60.06	60.06	73,274,100
Oct 28, 2022	59.10	62.35	58.92	62.01	62.01	78,198,600
Oct 27, 2022	61.60	62.72	58.51	58.60	58.60	83,871,400
Oct 26, 2022	59.69	61.77	59.15	59.73	59.73	79,761,600
Oct 25, 2022	58.77	61.98	58.69	61.47	61.47	85,501,900
Oct 24, 2022	58.57	59.00	56.66	58.70	58.70	76,305,400
Oct 21, 2022	57.22	58.91	55.71	58.82	58.82	95,366,400
Oct 20, 2022	57.47	60.20	57.40	57.77	57.77	79,552,600
Oct 19, 2022	57.33	59.04	56.57	57.23	57.23	75,704,800
Oct 18, 2022	59.91	60.49	56.40	57.92	57.92	103,064,500
Oct 17, 2022	57.35	58.51	57.10	57.96	57.96	76,977,600
Oct 14, 2022	59.60	59.94	55.84	55.94	55.94	96,959,300
Oct 13, 2022	55.52	60.14	54.57	58.94	58.94	131,159,800
Oct 12, 2022	57.45	58.32	56.32	57.85	57.85	89,264,200
Oct 11, 2022	57.21	58.92	56.05	57.63	57.63	114,054,800
Oct 10, 2022	57.31	58.79	56.30	57.81	57.81	112,241,800
Oct 7, 2022	64.01	64.03	58.22	58.44	58.44	163,786,300
Oct 6, 2022	67.82	70.29	67.66	67.85	67.85	98,325,900
Oct 5, 2022	66.59	68.69	64.52	67.94	67.94	87,127,400
Oct 4, 2022	68.27	69.18	67.33	67.90	67.90	77,160,500
Oct 3, 2022	64.46	66.91	63.39	66.11	66.11	83,841,600
Sep 30, 2022	63.62	65.91	63.34	63.36	63.36	81,664,100
Sep 29, 2022	67.15	67.20	62.83	64.14	64.14	102,552,400
Sep 28, 2022	67.11	68.80	66.56	68.36	68.36	72,389,500
Sep 27, 2022	67.90	68.78	66.00	67.17	67.17	94,871,800
Sep 26, 2022	67.87	68.74	66.25	66.30	66.30	82,898,700
Sep 23, 2022	68.00	69.08	66.82	67.96	67.96	87,690,000
Sep 22, 2022	73.89	74.29	69.17	69.50	69.50	101,436,900
Sep 21, 2022	75.44	78.41	74.45	74.48	74.48	82,069,700
Sep 20, 2022	76.08	76.58	74.73	75.25	75.25	51,129,100
Sep 19, 2022	75.39	77.34	75.35	76.77	76.77	64,966,900
Sep 16, 2022	75.62	76.82	74.68	76.51	76.51	75,300,200
Sep 15, 2022	76.64	77.97	74.91	76.66	76.66	81,818,000
Sep 14, 2022	77.10	78.08	75.87	77.45	77.45	71,483,000
Sep 13, 2022	80.96	81.47	76.80	77.03	77.03	80,921,200
Sep 12, 2022	84.89	85.35	83.46	84.64	84.64	71,922,500
Sep 9, 2022	84.03	85.68	83.84	85.45	85.45	68,907,700
Sep 8, 2022	80.03	83.45	79.24	82.78	82.78	89,089,300
Sep 7, 2022	79.24	80.25	77.74	79.61	79.61	67,891,200
Sep 6, 2022	80.41	80.89	78.37	78.72	78.72	68,727,300
Sep 2, 2022	83.32	83.65	79.81	80.24	80.24	84,924,400
Sep 1, 2022	82.35	82.76	78.52	82.33	82.33	94,854,700
Aug 31, 2022	86.28	86.72	83.72	84.87	84.87	64,991,700
Aug 30, 2022	90.06	90.15	85.34	86.94	86.94	69,087,100
Aug 29, 2022	90.05	91.19	88.26	88.49	88.49	61,142,500
Aug 26, 2022	96.29	97.60	91.12	91.18	91.18	65,552,500
Aug 25, 2022	93.14	97.57	93.14	97.18	97.18	61,016,200
Aug 24, 2022	92.21	93.38	90.90	92.73	92.73	56,520,400
Aug 23, 2022	92.39	94.44	92.11	92.49	92.49	52,927,000
Aug 22, 2022	94.40	95.02	92.36	92.84	92.84	61,837,300
Aug 19, 2022	98.67	99.25	94.59	95.95	95.95	67,221,700
Aug 18, 2022	97.74	101.07	96.73	100.44	100.44	76,059,500
Aug 17, 2022	99.26	99.64	96.73	98.27	98.27	63,735,600
Aug 16, 2022	100.84	101.45	98.32	100.20	100.20	60,220,700
Aug 15, 2022	100.51	101.85	99.80	101.01	101.01	61,327,100
Aug 12, 2022	99.20	101.40	98.48	100.83	100.83	72,316,300
Aug 11, 2022	99.93	102.37	98.00	98.12	98.12	77,516,900
Aug 10, 2022	98.45	99.35	95.61	99.05	99.05	83,416,100
Aug 9, 2022	97.95	98.05	93.67	95.54	95.54	89,473,700
Aug 8, 2022	100.06	101.80	97.99	100.07	100.07	92,606,800
Aug 5, 2022	101.05	103.86	100.98	102.31	102.31	93,859,900
Aug 4, 2022	97.50	104.59	97.26	103.91	103.91	125,855,800
Aug 3, 2022	94.83	98.77	93.62	98.09	98.09	131,142,000
Aug 2, 2022	95.71	100.92	95.36	99.29	99.29	116,734,100
Aug 1, 2022	95.59	98.39	93.96	96.78	96.78	96,477,500
