Aug 28, 2026	373.60	376.59	365.35	368.79	368.79	16,572,500
Aug 27, 2026	361.79	371.72	360.61	371.54	371.54	21,330,000
Aug 26, 2026	357.12	359.47	350.06	355.59	355.59	19,196,300
Aug 25, 2026	361.10	362.99	355.31	356.74	356.74	18,014,900
Aug 24, 2026	364.97	366.17	358.71	358.76	358.76	18,717,200
Aug 21, 2026	370.69	375.13	365.05	368.45	368.45	19,037,100
Aug 20, 2026	364.39	367.12	362.25	364.03	364.03	19,729,800
Aug 19, 2026	372.40	373.91	357.61	362.48	362.48	35,091,400
Aug 18, 2026	384.32	385.78	377.01	380.00	380.00	22,878,200
Aug 17, 2026	397.26	399.36	391.31	392.43	392.43	20,042,600
Aug 14, 2026	411.96	412.50	388.50	392.99	392.99	29,513,600
Aug 13, 2026	415.81	424.92	411.41	417.82	417.82	13,180,500
Aug 12, 2026	426.26	426.50	414.61	416.05	416.05	15,859,200
Aug 11, 2026	426.07	426.76	413.23	416.08	416.08	12,882,700
Aug 10, 2026	426.99	432.73	420.16	422.40	422.40	13,854,100
Aug 7, 2026	428.40	430.84	421.61	427.76	427.76	14,698,300
Aug 6, 2026	420.55	428.03	410.76	420.57	420.57	13,907,500
Aug 5, 2026	421.70	427.00	416.89	418.28	418.28	16,880,400
Aug 4, 2026	402.97	422.07	400.68	418.16	418.16	29,564,200
Aug 3, 2026	384.41	392.61	374.61	392.23	392.23	17,315,100
Jul 31, 2026	394.83	399.92	379.71	389.28	389.28	20,391,000
Jul 30, 2026	380.35	388.68	377.54	387.84	387.84	23,639,800
Jul 29, 2026	380.64	386.12	369.51	370.32	370.32	21,374,400
Jul 28, 2026	374.36	385.80	371.52	380.91	380.91	20,328,400
Jul 27, 2026	389.82	389.90	373.50	383.22	383.22	18,502,100
Jul 24, 2026	387.68	389.27	378.75	381.92	381.92	15,149,400
Jul 23, 2026	392.19	397.61	386.82	392.47	392.47	16,348,700
Jul 22, 2026	380.20	398.59	380.00	396.81	396.81	16,966,200
Jul 21, 2026	390.21	390.58	379.22	386.50	386.50	17,291,100
Jul 20, 2026	378.76	383.59	375.96	378.16	378.16	14,420,500
Jul 17, 2026	366.05	377.35	357.80	370.83	370.83	23,272,200
Jul 16, 2026	384.54	386.74	371.90	374.45	374.45	23,407,200
Jul 15, 2026	396.09	399.00	386.74	394.28	394.28	16,324,100
Jul 14, 2026	395.72	397.33	384.64	389.11	389.11	20,118,700
Jul 13, 2026	393.48	395.75	383.42	384.05	384.05	21,294,500
Jul 10, 2026	398.50	402.44	395.70	399.97	399.97	14,595,900
Jul 9, 2026	402.19	407.52	387.93	401.11	401.11	28,074,000
Jul 8, 2026	377.52	395.09	376.89	388.69	388.69	31,624,100
Jul 7, 2026	366.56	372.96	362.01	370.78	370.78	24,116,700
Jul 6, 2026	373.61	383.16	371.18	373.90	373.90	24,544,000
Jul 2, 2026	365.73	374.00	356.43	360.45	360.45	26,749,500
Jul 1, 2026	371.87	373.75	368.03	369.34	369.34	23,712,600
Jun 30, 2026	374.79	379.62	370.64	377.75	377.75	28,517,400
Jun 29, 2026	373.62	376.21	360.46	372.45	372.45	24,285,200
Jun 26, 2026	370.45	373.69	363.83	365.02	365.02	34,839,300
Jun 25, 2026	386.58	388.80	372.70	378.91	378.91	23,353,700
Jun 24, 2026	386.62	388.74	376.96	382.07	382.07	29,938,700
Jun 23, 2026	377.87	391.02	376.66	380.15	380.15	33,122,200
Jun 22, 2026	0.65 Dividend 
Jun 22, 2026	413.66	414.64	391.91	392.13	392.13	26,403,700
Jun 18, 2026	409.58	412.70	405.38	411.35	410.70	45,076,100
Jun 17, 2026	388.71	400.65	382.65	392.90	392.28	40,005,500
Jun 16, 2026	390.21	391.79	376.46	376.71	376.11	31,573,700
Jun 15, 2026	395.51	396.20	388.60	393.94	393.32	32,394,200
Jun 12, 2026	383.72	384.98	377.00	382.07	381.47	27,600,900
Jun 11, 2026	372.82	389.50	370.55	385.57	384.96	35,187,600
Jun 10, 2026	381.50	385.81	371.17	372.10	371.51	38,193,500
Jun 9, 2026	401.61	407.87	370.33	392.16	391.54	37,026,900
Jun 8, 2026	402.62	402.84	391.35	396.60	395.97	37,099,000
Jun 5, 2026	407.61	410.50	385.59	385.73	385.12	51,146,100
Jun 4, 2026	408.99	426.48	403.01	418.91	418.25	80,979,400
Jun 3, 2026	494.78	495.00	472.64	479.23	478.47	50,126,400
Jun 2, 2026	488.79	488.82	470.46	481.57	480.81	38,306,700
Jun 1, 2026	450.09	466.05	442.22	459.97	459.24	30,586,000
May 29, 2026	432.95	448.90	431.47	446.77	446.06	41,798,400
May 28, 2026	421.14	429.68	414.01	426.58	425.91	17,855,600
May 27, 2026	425.07	432.80	416.49	421.86	421.19	17,601,000
May 26, 2026	418.50	435.31	417.00	422.01	421.34	22,562,900
May 22, 2026	417.49	419.99	410.21	414.14	413.49	14,086,400
May 21, 2026	413.55	422.25	410.50	414.57	413.91	16,865,300
May 20, 2026	412.81	424.17	411.42	417.76	417.10	16,312,600
May 19, 2026	409.82	417.95	405.86	411.07	410.42	20,652,100
May 18, 2026	421.41	422.01	414.37	420.71	420.05	17,863,300
May 15, 2026	432.81	432.81	419.80	425.19	424.52	18,957,100
May 14, 2026	416.73	442.36	415.59	439.79	439.10	19,733,800
May 13, 2026	415.81	418.63	404.80	416.79	416.13	16,981,200
May 12, 2026	423.43	429.34	408.41	419.30	418.64	19,004,300
May 11, 2026	427.62	433.65	425.05	428.43	427.75	16,825,500
May 8, 2026	419.80	435.00	414.00	430.00	429.32	22,561,400
May 7, 2026	421.82	426.49	406.30	412.56	411.91	22,791,700
May 6, 2026	435.56	437.68	417.78	425.44	424.77	20,707,000
May 5, 2026	421.66	433.39	419.35	427.36	426.68	21,175,200
May 4, 2026	418.22	423.83	409.53	416.50	415.84	15,140,400
May 1, 2026	415.09	423.17	413.28	421.28	420.61	11,882,600
Apr 30, 2026	415.52	418.38	404.23	417.43	416.77	21,821,600
Apr 29, 2026	403.50	405.64	396.78	405.45	404.81	15,962,500
Apr 28, 2026	400.31	405.81	394.65	399.83	399.20	25,519,200
Apr 27, 2026	420.48	422.75	414.63	418.20	417.54	17,451,600
Apr 24, 2026	424.98	425.00	408.86	422.76	422.09	22,491,100
Apr 23, 2026	422.39	429.31	417.80	419.94	419.28	19,501,600
Apr 22, 2026	406.98	423.20	404.86	422.65	421.98	23,702,500
Apr 21, 2026	399.41	403.60	394.57	402.17	401.53	16,275,500
Apr 20, 2026	405.70	406.42	395.90	399.63	399.00	16,922,000
Apr 17, 2026	400.90	406.73	399.81	406.54	405.90	20,581,700
Apr 16, 2026	395.00	399.68	392.35	398.47	397.84	18,872,900
Apr 15, 2026	389.88	397.08	385.57	396.72	396.09	29,559,300
Apr 14, 2026	377.90	382.28	376.32	380.78	380.18	24,423,000
Apr 13, 2026	369.66	380.86	369.48	379.75	379.15	24,115,800
Apr 10, 2026	360.94	376.55	360.82	371.55	370.96	29,958,100
Apr 9, 2026	352.30	358.70	351.50	354.91	354.35	20,514,900
Apr 8, 2026	351.75	354.14	342.53	350.63	350.08	31,573,100
Apr 7, 2026	326.73	334.15	321.80	333.97	333.44	33,310,900
Apr 6, 2026	315.06	316.40	310.28	314.43	313.93	12,111,300
Apr 2, 2026	304.49	314.69	301.75	314.55	314.05	14,021,100
Apr 1, 2026	313.37	315.79	310.48	313.49	312.99	19,171,000
Mar 31, 2026	299.39	310.31	296.34	309.51	309.02	29,289,500
Mar 30, 2026	300.87	304.77	289.96	293.41	292.95	28,054,500
Mar 27, 2026	307.06	307.50	298.87	300.68	300.20	23,593,900
Mar 26, 2026	314.02	316.92	309.17	309.42	308.93	20,343,700
Mar 25, 2026	322.59	324.30	316.72	318.81	318.31	19,900,000
Mar 24, 2026	320.00	324.40	314.84	318.29	317.79	19,799,000
Mar 23, 2026	0.65 Dividend 
Mar 23, 2026	318.00	326.48	314.93	322.51	322.00	27,369,200
Mar 20, 2026	320.12	321.51	309.92	310.51	309.37	43,325,900
Mar 19, 2026	312.47	323.27	308.51	319.84	318.67	23,524,800
Mar 18, 2026	320.43	325.44	315.55	315.93	314.77	25,460,600
Mar 17, 2026	325.76	327.44	317.25	321.31	320.13	38,026,500
Mar 16, 2026	326.02	329.20	320.06	324.92	323.73	31,363,100
Mar 13, 2026	337.68	338.32	321.43	322.16	320.98	34,725,000
Mar 12, 2026	337.74	339.83	332.20	335.97	334.74	21,982,700
Mar 11, 2026	342.59	345.81	338.22	341.57	340.32	20,104,100
Mar 10, 2026	348.73	353.14	340.80	342.58	341.32	29,531,700
Mar 9, 2026	327.25	348.49	323.61	345.75	344.48	40,605,800
Mar 6, 2026	328.28	343.51	327.40	330.48	329.27	39,152,200
Mar 5, 2026	330.18	336.12	323.03	332.77	331.55	57,076,600
Mar 4, 2026	315.68	322.64	311.74	317.53	316.36	34,895,800
Mar 3, 2026	313.00	315.88	307.40	313.84	312.69	20,826,200
Mar 2, 2026	309.36	320.04	307.20	318.82	317.65	20,567,200
Feb 27, 2026	310.70	320.00	310.00	319.55	318.38	28,004,200
Feb 26, 2026	326.50	326.58	307.93	321.70	320.52	33,025,300
Feb 25, 2026	330.74	335.91	329.28	332.31	331.09	20,182,300
Feb 24, 2026	322.54	328.31	314.45	325.49	324.30	23,614,400
Feb 23, 2026	332.25	338.50	325.32	330.34	329.13	16,472,400
Feb 20, 2026	332.36	340.11	329.58	332.65	331.43	17,658,900
Feb 19, 2026	333.01	338.44	329.68	333.99	332.76	15,180,900
Feb 18, 2026	329.52	337.88	327.23	333.51	332.29	13,565,300
Feb 17, 2026	319.68	335.75	316.31	332.54	331.32	23,469,700
Feb 13, 2026	329.85	334.32	324.69	325.17	323.98	18,397,200
Feb 12, 2026	343.83	346.29	329.56	331.17	329.95	22,007,300
Feb 11, 2026	346.80	347.20	333.74	342.76	341.50	17,004,700
Feb 10, 2026	347.47	348.01	339.84	340.44	339.19	19,542,700
Feb 9, 2026	330.77	352.34	330.65	343.94	342.68	30,091,000
Feb 6, 2026	320.10	335.00	316.30	332.92	331.70	33,003,400
Feb 5, 2026	314.34	326.53	306.70	310.51	309.37	42,775,800
Feb 4, 2026	319.51	319.51	295.30	308.05	306.92	43,330,300
Feb 3, 2026	336.74	338.90	308.65	320.33	319.15	36,914,800
Feb 2, 2026	326.11	336.06	325.75	331.11	329.89	17,278,200
Jan 30, 2026	332.44	338.20	328.33	331.30	330.08	28,313,000
Jan 29, 2026	332.56	335.95	320.28	330.73	329.52	20,447,500
Jan 28, 2026	338.85	339.99	326.70	333.24	332.02	23,001,700
Jan 27, 2026	329.76	334.76	327.02	332.79	331.57	25,537,600
Jan 26, 2026	319.80	328.68	317.60	324.85	323.66	25,006,400
Jan 23, 2026	319.30	321.99	314.11	320.05	318.88	30,259,500
Jan 22, 2026	335.35	336.99	324.89	325.49	324.30	24,275,400
Jan 21, 2026	335.51	335.80	324.20	328.80	327.59	32,006,600
Jan 20, 2026	344.10	345.40	331.80	332.60	331.38	32,293,900
Jan 16, 2026	346.27	354.51	344.05	351.71	350.42	31,291,200
Jan 15, 2026	349.12	349.68	341.67	343.02	341.76	22,218,800
Jan 14, 2026	348.97	350.69	334.42	339.89	338.64	30,094,700
Jan 13, 2026	352.88	359.49	350.91	354.61	353.31	18,308,000
Jan 12, 2026	340.95	353.90	340.95	352.21	350.92	20,949,600
Jan 9, 2026	337.92	347.39	333.50	344.97	343.70	22,482,500
Jan 8, 2026	342.78	343.68	330.50	332.48	331.26	24,385,200
Jan 7, 2026	341.70	349.70	335.88	343.50	342.24	20,249,300
Jan 6, 2026	343.60	349.05	338.00	343.77	342.51	27,135,500
Jan 5, 2026	354.74	355.03	336.50	343.42	342.16	31,136,000
Jan 2, 2026	352.78	360.66	345.56	347.62	346.34	25,398,600
Dec 31, 2025	349.73	349.88	345.42	346.10	344.83	15,346,100
Dec 30, 2025	349.97	352.68	349.30	349.85	348.57	16,633,600
Dec 29, 2025	348.72	350.33	344.69	349.39	348.11	21,946,900
Dec 26, 2025	351.06	353.25	347.75	352.13	350.84	15,028,100
Dec 24, 2025	350.69	352.86	347.14	350.22	348.93	11,424,400
Dec 23, 2025	340.81	350.11	338.54	349.32	348.04	28,232,600
Dec 22, 2025	0.65 Dividend 
Dec 22, 2025	346.03	346.24	337.22	341.45	340.20	28,739,600
Dec 19, 2025	333.34	343.45	332.58	340.36	338.46	159,095,200
Dec 18, 2025	336.00	336.03	323.63	329.88	328.04	54,501,900
Dec 17, 2025	346.61	346.61	321.42	326.02	324.20	73,300,900
Dec 16, 2025	336.02	347.50	335.06	341.30	339.40	58,061,100
Dec 15, 2025	361.89	362.00	337.51	339.81	337.92	65,894,900
Dec 12, 2025	379.96	382.00	355.15	359.93	357.92	95,588,500
Dec 11, 2025	404.83	409.30	394.19	406.37	404.11	45,681,600
Dec 10, 2025	402.20	414.61	399.56	412.97	410.67	31,531,000
Dec 9, 2025	398.75	406.93	395.51	406.29	404.03	24,546,000
Dec 8, 2025	402.48	407.29	397.40	401.10	398.86	30,410,600
Dec 5, 2025	386.17	393.53	385.15	390.24	388.07	24,779,900
Dec 4, 2025	380.68	383.89	376.53	381.03	378.91	15,845,900
Dec 3, 2025	380.00	382.30	370.65	380.61	378.49	21,336,400
Dec 2, 2025	388.31	393.50	379.79	381.57	379.44	22,207,000
Dec 1, 2025	394.85	395.42	385.10	386.08	383.93	23,252,000
Nov 28, 2025	399.35	403.00	397.16	402.96	400.71	13,365,500
Nov 26, 2025	385.55	399.87	383.26	397.57	395.35	28,693,000
Nov 25, 2025	384.93	388.13	371.75	385.03	382.88	33,507,600
Nov 24, 2025	347.73	382.00	347.66	377.96	375.85	47,262,400
Nov 21, 2025	345.16	348.60	331.80	340.20	338.30	30,280,300
Nov 20, 2025	366.00	376.08	345.18	346.82	344.89	28,867,000
Nov 19, 2025	340.71	359.69	337.80	354.42	352.44	21,851,900
Nov 18, 2025	343.20	347.97	335.51	340.50	338.60	21,726,800
Nov 17, 2025	339.82	352.20	337.52	342.65	340.74	14,799,600
Nov 14, 2025	331.47	344.74	329.06	342.46	340.55	18,500,800
Nov 13, 2025	351.58	353.55	334.16	339.98	338.09	22,616,600
Nov 12, 2025	358.04	358.87	351.68	355.22	353.24	12,190,500
Nov 11, 2025	358.97	361.89	349.67	351.96	350.00	16,446,800
Nov 10, 2025	357.90	360.00	354.61	358.39	356.39	16,409,000
Nov 7, 2025	354.19	354.50	337.27	349.43	347.48	21,903,200
Nov 6, 2025	360.11	363.50	352.71	355.59	353.61	19,896,900
Nov 5, 2025	350.89	364.87	350.09	358.98	356.98	17,087,600
Nov 4, 2025	358.52	368.95	351.00	351.94	349.98	24,047,500
Nov 3, 2025	372.00	374.85	361.98	362.55	360.53	17,198,900
Oct 31, 2025	378.27	378.82	365.10	369.63	367.57	21,598,400
Oct 30, 2025	386.40	386.40	370.06	376.47	374.37	24,295,300
Oct 29, 2025	373.19	386.48	373.19	385.98	383.83	24,975,200
Oct 28, 2025	362.62	374.06	362.53	372.97	370.89	21,056,000
Oct 27, 2025	361.54	362.75	355.08	362.05	360.03	20,065,800
Oct 24, 2025	352.51	358.30	350.88	354.13	352.16	16,143,700
Oct 23, 2025	340.40	346.57	340.40	344.29	342.37	12,859,200
Oct 22, 2025	347.30	348.01	335.51	340.30	338.40	19,268,800
Oct 21, 2025	350.00	351.10	341.31	342.66	340.75	16,092,600
Oct 20, 2025	353.80	356.59	347.84	349.24	347.29	15,640,200
Oct 17, 2025	349.61	350.97	340.78	349.33	347.38	20,937,900
Oct 16, 2025	356.80	363.24	349.49	354.15	352.18	20,317,200
Oct 15, 2025	354.47	359.40	347.50	351.33	349.37	23,918,500
Oct 14, 2025	350.13	350.67	339.65	344.13	342.21	22,078,000
Oct 13, 2025	352.77	359.38	343.52	356.70	354.71	45,984,300
Oct 10, 2025	345.39	350.60	324.05	324.63	322.82	28,941,000
Oct 9, 2025	345.75	347.31	340.40	345.02	343.10	17,643,700
Oct 8, 2025	333.82	346.54	332.62	345.50	343.57	21,478,300
Oct 7, 2025	337.03	338.11	326.58	336.41	334.54	18,086,700
Oct 6, 2025	335.92	344.13	334.56	335.49	333.62	18,465,700
Oct 3, 2025	341.50	344.40	335.74	338.37	336.48	14,749,100
Oct 2, 2025	347.61	347.61	335.25	338.18	336.30	19,917,600
Oct 1, 2025	328.15	337.95	324.50	333.39	331.53	21,122,700
Sep 30, 2025	330.12	331.05	324.61	329.91	328.07	20,109,500
Sep 29, 2025	336.00	341.05	327.55	327.90	326.07	21,336,000
Sep 26, 2025	337.43	339.08	330.58	334.53	332.67	15,464,700
Sep 25, 2025	332.99	338.06	327.30	336.10	334.23	21,678,200
Sep 24, 2025	339.76	340.08	333.81	339.31	337.42	19,677,300
Sep 23, 2025	340.24	345.22	337.02	338.94	337.05	21,944,100
Sep 22, 2025	0.59 Dividend 
Sep 22, 2025	342.43	346.67	337.94	338.79	336.90	28,660,000
Sep 19, 2025	344.65	346.27	336.43	344.94	342.43	41,240,100
Sep 18, 2025	350.00	350.70	343.79	345.35	342.84	24,663,900
Sep 17, 2025	358.85	359.93	341.50	346.17	343.65	45,197,100
Sep 16, 2025	365.43	365.69	356.99	360.00	357.38	21,306,500
Sep 15, 2025	359.87	365.50	356.34	364.09	361.44	21,792,200
Sep 12, 2025	362.91	364.39	357.16	359.87	357.25	31,949,800
Sep 11, 2025	371.18	374.23	358.76	359.63	357.01	29,430,900
Sep 10, 2025	351.52	372.97	350.55	369.57	366.88	51,086,800
Sep 9, 2025	349.55	350.98	335.83	336.67	334.22	26,972,300
Sep 8, 2025	342.75	354.17	341.25	345.65	343.14	43,535,600
Sep 5, 2025	355.78	356.34	331.42	334.89	332.45	78,401,600
Sep 4, 2025	305.06	308.78	302.25	306.10	303.87	31,220,800
Sep 3, 2025	302.29	304.45	296.40	302.39	300.19	18,529,400
Sep 2, 2025	289.34	298.71	287.17	298.24	296.07	19,693,000
Aug 29, 2025	307.01	307.01	293.66	297.39	295.23	21,610,700
Aug 28, 2025	302.93	311.00	302.33	308.65	306.40	18,907,100
Aug 27, 2025	297.53	301.18	293.78	300.25	298.07	13,830,300
Aug 26, 2025	294.35	300.25	293.99	298.01	295.84	25,689,100
Aug 25, 2025	292.81	298.40	291.71	294.23	292.09	15,124,700
Aug 22, 2025	291.75	300.09	289.01	294.00	291.86	16,301,300
Aug 21, 2025	290.06	292.39	286.17	289.60	287.49	14,946,300
Aug 20, 2025	295.46	295.49	281.87	291.17	289.05	23,600,500
Aug 19, 2025	302.42	302.90	292.39	294.91	292.76	20,149,600
Aug 18, 2025	302.70	306.17	299.00	305.76	303.54	14,724,700
Aug 15, 2025	311.03	311.50	299.76	306.34	304.11	22,806,900
Aug 14, 2025	307.01	314.17	307.00	311.23	308.97	15,717,600
Aug 13, 2025	316.75	317.35	304.75	309.09	306.84	17,371,200
Aug 12, 2025	306.63	313.44	304.67	312.83	310.55	17,609,600
Aug 11, 2025	305.05	308.31	301.29	303.90	301.69	12,396,400
Aug 8, 2025	304.05	307.87	302.55	304.97	302.75	12,458,700
Aug 7, 2025	306.17	310.34	299.88	303.76	301.55	16,319,400
Aug 6, 2025	292.90	302.81	291.90	301.67	299.48	17,392,100
Aug 5, 2025	297.81	301.20	291.45	292.93	290.80	18,477,500
Aug 4, 2025	292.20	298.48	291.40	297.72	295.55	17,164,600
Aug 1, 2025	286.54	292.64	281.61	288.64	286.54	21,428,100
Jul 31, 2025	302.80	306.95	290.23	293.70	291.56	25,488,500
Jul 30, 2025	297.15	303.26	295.80	302.62	300.42	16,738,900
Jul 29, 2025	297.50	302.19	294.87	297.42	295.26	19,210,800
Jul 28, 2025	292.46	295.45	290.59	294.30	292.16	13,683,400
Jul 25, 2025	288.07	292.59	287.27	290.18	288.07	12,476,200
Jul 24, 2025	289.79	291.20	283.50	288.71	286.61	16,413,800
Jul 23, 2025	276.78	284.00	273.00	283.69	281.63	20,556,200
Jul 22, 2025	287.65	288.00	276.43	278.59	276.56	16,564,800
Jul 21, 2025	283.96	290.54	283.63	288.21	286.11	17,726,800
Jul 18, 2025	287.11	287.53	281.00	283.34	281.28	15,012,400
Jul 17, 2025	281.14	288.28	279.91	286.45	284.37	17,231,100
Jul 16, 2025	280.11	281.51	275.67	280.81	278.77	15,031,000
Jul 15, 2025	279.81	283.36	277.85	280.94	278.90	17,918,400
Jul 14, 2025	274.13	278.36	269.58	275.60	273.60	11,934,200
Jul 11, 2025	274.14	276.47	271.89	274.38	272.38	14,274,700
Jul 10, 2025	279.79	281.18	272.70	275.40	273.40	17,891,600
Jul 9, 2025	272.96	279.45	272.72	277.90	275.88	20,133,000
Jul 8, 2025	276.35	276.35	271.15	271.80	269.82	14,869,400
Jul 7, 2025	275.13	277.56	272.66	274.18	272.19	16,760,600
Jul 3, 2025	270.73	275.80	270.12	275.18	273.18	10,592,700
Jul 2, 2025	263.99	272.00	262.73	269.90	267.94	17,582,100
Jul 1, 2025	274.40	274.50	262.66	264.74	262.81	28,847,600
Jun 30, 2025	274.73	277.71	272.13	275.65	273.64	24,708,400
Jun 27, 2025	270.30	271.85	266.88	269.35	267.39	27,477,600
Jun 26, 2025	265.08	271.67	264.13	270.17	268.20	23,569,600
Jun 25, 2025	266.00	269.87	263.43	264.65	262.73	18,894,200
Jun 24, 2025	258.77	265.87	258.77	263.77	261.85	32,764,900
Jun 23, 2025	249.11	254.21	246.46	253.77	251.92	19,747,000
Jun 20, 2025	0.59 Dividend 
Jun 20, 2025	253.21	253.52	244.17	249.99	248.17	42,134,900
Jun 18, 2025	250.89	255.64	249.41	251.26	248.85	30,435,500
Jun 17, 2025	250.95	253.96	247.92	249.37	246.97	22,014,300
Jun 16, 2025	250.35	255.19	249.57	252.10	249.68	20,363,000
Jun 13, 2025	250.66	254.00	248.35	248.70	246.31	19,028,400
Jun 12, 2025	250.19	257.89	249.50	256.07	253.61	20,410,900
Jun 11, 2025	246.36	254.77	243.80	252.91	250.48	24,599,000
Jun 10, 2025	244.22	246.28	241.40	244.63	242.28	25,491,300
Jun 9, 2025	245.05	248.17	241.11	244.28	241.93	25,334,100
Jun 6, 2025	251.14	255.32	246.13	246.93	244.56	41,146,700
Jun 5, 2025	262.95	264.89	259.06	259.93	257.43	41,970,900
Jun 4, 2025	258.06	265.43	257.59	261.08	258.57	31,536,000
Jun 3, 2025	250.08	257.88	249.40	256.85	254.38	30,380,200
Jun 2, 2025	243.25	250.00	243.19	248.71	246.32	19,197,000
May 30, 2025	241.22	243.17	234.90	242.07	239.74	27,088,600
May 29, 2025	245.91	246.07	237.40	241.97	239.65	20,743,700
May 28, 2025	237.15	240.99	234.43	239.43	237.13	20,443,000
May 27, 2025	232.87	236.48	231.13	235.65	233.39	17,941,700
May 23, 2025	226.94	230.65	226.18	228.72	226.52	15,385,600
May 22, 2025	228.34	233.69	227.43	230.53	228.32	14,340,200
May 21, 2025	228.39	236.50	227.83	229.73	227.52	17,642,900
May 20, 2025	226.49	231.77	226.34	231.68	229.45	11,787,200
May 19, 2025	221.85	231.25	221.60	230.63	228.41	15,355,500
May 16, 2025	232.32	232.64	226.39	228.61	226.41	23,094,600
May 15, 2025	230.16	234.46	228.07	232.64	230.41	18,803,700
May 14, 2025	230.23	233.50	228.35	232.12	229.89	19,751,400
May 13, 2025	222.00	235.28	222.00	232.42	230.19	28,790,500
May 12, 2025	219.49	221.80	215.88	221.58	219.45	25,437,700
May 9, 2025	209.33	209.96	206.52	208.20	206.20	13,289,200
May 8, 2025	208.00	211.16	203.69	207.77	205.77	18,460,900
May 7, 2025	199.29	206.23	198.43	204.81	202.84	20,253,700
May 6, 2025	196.44	201.91	195.94	200.09	198.17	16,348,800
May 5, 2025	200.25	203.23	200.00	200.72	198.79	14,025,400
May 2, 2025	203.90	205.68	201.08	203.64	201.68	17,766,800
May 1, 2025	198.14	201.40	196.24	197.33	195.43	24,939,700
Apr 30, 2025	185.90	193.20	184.02	192.47	190.62	22,768,900
Apr 29, 2025	191.72	193.25	190.10	191.17	189.33	14,630,000
Apr 28, 2025	190.53	193.10	187.68	192.47	190.62	16,385,800
Apr 25, 2025	186.92	193.37	186.89	192.31	190.46	21,242,300
Apr 24, 2025	179.69	188.57	178.30	188.15	186.34	27,576,900
Apr 23, 2025	177.78	180.45	175.82	176.91	175.21	24,380,500
Apr 22, 2025	167.43	170.52	165.22	169.58	167.95	18,504,900
Apr 21, 2025	166.99	168.00	161.61	166.21	164.61	23,469,800
Apr 17, 2025	176.25	176.25	169.92	170.99	169.35	22,501,800
Apr 16, 2025	170.43	176.08	166.92	174.61	172.93	34,638,600
Apr 15, 2025	179.73	182.26	178.08	178.95	177.23	17,242,400
Apr 14, 2025	185.08	186.00	175.82	178.36	176.65	25,748,300
Apr 11, 2025	173.62	182.66	173.31	181.94	180.19	33,964,100
Apr 10, 2025	175.30	176.95	166.40	172.30	170.65	51,212,200
Apr 9, 2025	160.50	187.33	157.51	185.15	183.37	72,708,300
Apr 8, 2025	167.62	169.78	153.09	156.03	154.53	58,888,200
Apr 7, 2025	144.49	160.43	138.10	154.14	152.66	68,503,500
Apr 4, 2025	148.17	152.80	139.17	146.29	144.88	72,302,200
Apr 3, 2025	160.54	163.43	153.70	154.01	152.53	44,354,900
Apr 2, 2025	166.08	173.43	165.50	172.09	170.44	19,523,700
Apr 1, 2025	166.37	168.71	163.42	168.52	166.90	20,472,400
Mar 31, 2025	164.49	167.94	160.62	167.43	165.82	35,656,400
Mar 28, 2025	171.93	173.30	166.47	169.12	167.50	30,391,500
Mar 27, 2025	177.66	178.38	170.46	171.99	170.34	32,151,700
Mar 26, 2025	186.66	188.06	177.58	179.27	177.55	30,578,500
Mar 25, 2025	190.89	191.60	187.68	188.26	186.45	23,417,300
Mar 24, 2025	194.30	196.69	190.67	191.25	189.41	33,180,300
Mar 21, 2025	188.21	192.07	187.37	191.66	189.82	43,086,500
Mar 20, 2025	0.59 Dividend 
Mar 20, 2025	191.52	193.84	188.94	190.54	188.71	31,430,000
Mar 19, 2025	189.34	198.27	186.90	195.57	193.11	37,962,700
Mar 18, 2025	190.44	192.89	186.90	188.67	186.29	24,951,000
Mar 17, 2025	188.05	196.72	187.50	194.50	192.05	26,830,600
Mar 14, 2025	196.20	197.50	193.20	195.54	193.08	25,900,900
Mar 13, 2025	193.15	196.32	189.47	191.36	188.95	27,236,100
Mar 12, 2025	196.22	199.98	192.45	194.23	191.78	30,409,700
Mar 11, 2025	188.05	195.62	185.35	190.09	187.70	42,153,200
Mar 10, 2025	189.60	191.98	180.43	184.45	182.13	44,217,100
Mar 7, 2025	187.73	195.48	181.56	194.96	192.50	74,528,900
Mar 6, 2025	181.04	186.83	177.61	179.45	177.19	56,864,100
Mar 5, 2025	191.86	194.08	187.10	191.58	189.17	25,644,500
Mar 4, 2025	189.22	193.95	180.48	187.48	185.12	37,910,500
Mar 3, 2025	204.00	204.06	184.53	187.37	185.01	37,435,600
Feb 28, 2025	195.76	201.19	193.15	199.43	196.92	39,747,200
Feb 27, 2025	217.28	219.25	197.40	197.80	195.31	27,572,900
Feb 26, 2025	206.91	213.54	206.00	212.94	210.26	21,368,300
Feb 25, 2025	207.00	208.64	200.92	202.54	199.99	33,100,800
Feb 24, 2025	218.60	219.48	207.54	207.93	205.31	33,050,400
Feb 21, 2025	225.65	227.75	215.63	218.66	215.91	24,883,600
Feb 20, 2025	228.65	228.98	222.75	226.74	223.88	16,104,000
Feb 19, 2025	227.85	229.07	224.40	228.73	225.85	16,375,500
Feb 18, 2025	230.10	232.20	224.30	228.53	225.65	26,080,500
Feb 14, 2025	234.53	235.74	228.90	233.04	230.11	16,988,800
Feb 13, 2025	236.06	236.95	230.73	235.80	232.83	20,962,000
Feb 12, 2025	230.36	236.48	230.00	236.35	233.37	16,397,300
Feb 11, 2025	232.48	237.89	229.97	235.04	232.08	18,476,200
Feb 10, 2025	227.43	235.82	227.12	235.04	232.08	23,901,600
Feb 7, 2025	235.00	235.65	224.11	224.87	222.04	22,117,500
Feb 6, 2025	234.50	234.80	228.56	231.36	228.45	21,169,500
Feb 5, 2025	233.94	237.93	227.50	232.00	229.08	29,196,000
Feb 4, 2025	219.35	223.03	215.30	222.43	219.63	23,768,500
Feb 3, 2025	215.46	220.94	213.51	217.73	214.99	24,507,300
Jan 31, 2025	219.66	226.80	216.30	221.27	218.48	41,104,700
Jan 30, 2025	218.57	221.96	213.70	215.66	212.94	42,449,500
Jan 29, 2025	208.84	211.45	202.77	206.35	203.75	32,533,700
Jan 28, 2025	208.01	209.95	198.89	207.36	204.75	50,316,000
Jan 27, 2025	213.40	218.43	196.23	202.13	199.58	90,569,400
Jan 24, 2025	244.70	249.59	241.91	244.70	241.62	25,387,800
Jan 23, 2025	238.41	240.40	236.12	240.28	237.25	17,653,900
Jan 22, 2025	246.75	246.99	240.69	240.91	237.88	29,610,500
Jan 21, 2025	241.50	242.75	237.40	240.31	237.28	30,903,200
Jan 17, 2025	237.08	238.10	232.66	237.44	234.45	31,196,600
Jan 16, 2025	235.22	238.60	229.21	229.41	226.52	23,471,900
Jan 15, 2025	228.55	230.34	225.58	228.00	225.13	21,745,600
Jan 14, 2025	226.57	230.26	223.10	224.70	221.87	18,143,100
Jan 13, 2025	219.99	229.26	219.51	225.29	222.45	23,772,100
Jan 10, 2025	227.30	227.83	221.25	224.31	221.49	23,864,000
Jan 8, 2025	229.70	232.47	226.06	229.31	226.42	18,756,500
Jan 7, 2025	239.50	239.50	227.60	228.64	225.76	25,928,600
Jan 6, 2025	236.50	241.75	233.30	236.41	233.43	34,028,400
Jan 3, 2025	233.59	236.49	229.00	232.55	229.62	24,973,200
Jan 2, 2025	236.16	239.50	230.24	231.98	229.06	31,525,800
Dec 31, 2024	235.88	237.46	231.31	231.84	228.92	17,927,700
Dec 30, 2024	234.70	238.77	231.62	235.58	232.61	27,316,800
Dec 27, 2024	245.64	245.78	236.35	241.75	238.71	29,282,200
Dec 26, 2024	240.00	247.28	237.60	245.36	242.27	28,459,000
Dec 24, 2024	240.12	240.23	234.80	239.68	236.66	22,827,200
Dec 23, 2024	0.59 Dividend 
Dec 23, 2024	226.69	233.40	225.13	232.35	229.42	40,643,800
Dec 20, 2024	220.36	230.29	218.91	220.79	217.43	131,910,400
Dec 19, 2024	227.91	228.05	217.58	218.32	214.99	40,845,200
Dec 18, 2024	239.41	239.85	219.22	223.62	220.21	53,960,100
Dec 17, 2024	240.65	242.47	233.80	240.23	236.57	70,382,100
Dec 16, 2024	231.79	251.88	230.81	250.00	246.19	111,623,200
Dec 13, 2024	213.90	228.70	211.11	224.80	221.38	121,336,600
Dec 12, 2024	180.93	182.00	175.99	180.66	177.91	46,967,200
Dec 11, 2024	180.01	184.87	176.43	183.20	180.41	41,295,200
Dec 10, 2024	177.81	178.50	169.73	171.81	169.19	27,762,600
Dec 9, 2024	178.95	180.79	176.02	178.94	176.21	20,886,300
Dec 6, 2024	170.10	180.68	169.33	179.53	176.80	27,830,800
Dec 5, 2024	170.75	172.40	169.20	170.47	167.87	18,490,000
Dec 4, 2024	173.44	175.39	168.56	170.56	167.96	32,748,200
Dec 3, 2024	164.48	168.27	164.03	168.15	165.59	17,024,400
Dec 2, 2024	162.95	168.38	162.75	166.51	163.97	21,472,400
Nov 29, 2024	159.57	162.69	159.08	162.08	159.61	11,024,000
Nov 27, 2024	163.20	163.20	157.54	159.67	157.24	19,722,700
Nov 26, 2024	164.60	166.37	162.69	164.74	162.23	16,308,800
Nov 25, 2024	165.40	167.23	162.89	164.82	162.31	26,850,600
Nov 22, 2024	164.30	164.91	162.40	164.23	161.73	17,332,500
Nov 21, 2024	166.25	166.34	160.60	163.94	161.44	24,835,300
Nov 20, 2024	165.54	165.54	160.86	163.25	160.76	17,196,700
Nov 19, 2024	166.66	166.80	164.31	165.35	162.83	18,003,400
Nov 18, 2024	165.66	166.35	162.22	165.67	163.15	17,856,900
Nov 15, 2024	168.47	169.14	163.43	164.84	162.33	20,836,200
Nov 14, 2024	174.77	175.57	169.87	170.38	167.78	20,638,900
Nov 13, 2024	174.71	175.59	172.60	173.58	170.94	17,472,500
Nov 12, 2024	178.90	179.56	173.20	176.22	173.54	15,862,000
Nov 11, 2024	183.40	183.63	176.82	178.91	176.18	17,036,700
Nov 8, 2024	182.99	185.05	181.83	183.64	180.84	13,503,200
Nov 7, 2024	181.99	184.87	181.79	183.81	181.01	18,970,600
Nov 6, 2024	179.63	180.21	175.96	179.55	176.82	24,300,800
Nov 5, 2024	170.05	174.40	170.05	173.90	171.25	13,441,800
Nov 4, 2024	169.28	172.45	168.42	168.55	165.98	13,621,300
Nov 1, 2024	168.26	171.33	167.50	168.92	166.35	17,847,000
Oct 31, 2024	174.45	174.45	167.38	169.77	167.18	26,086,600
Oct 30, 2024	177.47	179.19	175.62	176.64	173.95	17,911,500
Oct 29, 2024	172.44	180.23	171.21	179.24	176.51	23,702,300
Oct 28, 2024	173.00	173.97	171.35	172.02	169.40	13,195,800
Oct 25, 2024	174.19	176.80	172.72	173.00	170.36	19,977,700
Oct 24, 2024	174.26	174.30	169.50	171.35	168.74	20,485,200
Oct 23, 2024	177.59	178.98	172.57	173.51	170.87	19,513,700
Oct 22, 2024	178.66	180.69	177.41	179.38	176.65	12,062,600
Oct 21, 2024	179.38	181.72	178.25	179.99	177.25	13,695,100
Oct 18, 2024	182.32	182.71	178.68	179.89	177.15	17,835,200
Oct 17, 2024	181.37	185.51	180.69	181.53	178.77	25,232,400
Oct 16, 2024	178.51	179.25	175.33	176.82	174.13	15,285,100
Oct 15, 2024	180.79	181.70	173.37	175.98	173.30	27,657,500
Oct 14, 2024	183.30	184.95	180.13	182.31	179.53	17,195,800
Oct 11, 2024	181.14	182.59	177.40	181.48	178.72	23,070,000
Oct 10, 2024	183.56	186.31	182.53	185.69	182.86	16,318,000
Oct 9, 2024	179.24	186.42	176.42	185.95	183.12	25,504,100
Oct 8, 2024	175.42	181.60	174.89	180.73	177.98	20,774,200
Oct 7, 2024	174.82	178.31	173.86	175.08	172.41	15,588,300
Oct 4, 2024	176.30	176.90	172.60	176.64	173.95	17,921,400
Oct 3, 2024	169.62	174.94	169.19	171.89	169.27	13,072,300
Oct 2, 2024	167.55	172.84	167.02	170.66	168.06	14,317,800
Oct 1, 2024	172.16	172.25	165.80	167.47	164.92	23,770,400
Sep 30, 2024	171.87	172.92	169.63	172.50	169.87	16,902,000
Sep 27, 2024	178.17	178.47	171.76	172.69	170.06	20,580,900
Sep 26, 2024	178.50	180.25	175.00	178.09	175.38	24,340,000
Sep 25, 2024	174.65	177.14	173.76	175.52	172.85	16,613,800
Sep 24, 2024	172.81	175.99	171.68	174.84	172.18	34,223,400
Sep 23, 2024	172.00	173.32	168.35	172.94	170.31	29,431,100
Sep 20, 2024	167.18	172.02	166.47	171.10	168.49	91,758,500
Sep 19, 2024	0.53 Dividend 
Sep 19, 2024	167.68	170.00	165.66	167.42	164.87	32,453,100
Sep 18, 2024	163.77	167.47	161.36	161.67	158.69	26,557,600
Sep 17, 2024	165.49	166.02	160.70	162.47	159.47	19,844,300
Sep 16, 2024	165.19	165.50	160.41	164.02	160.99	26,126,900
Sep 13, 2024	166.74	168.08	164.04	167.69	164.59	29,850,000
Sep 12, 2024	158.10	166.32	156.83	164.56	161.52	43,530,700
Sep 11, 2024	148.39	158.87	145.04	158.27	155.35	39,700,800
Sep 10, 2024	141.22	149.86	141.04	148.21	145.47	36,067,500
Sep 9, 2024	139.11	141.59	134.90	140.82	138.22	39,516,700
Sep 6, 2024	143.25	143.50	136.60	137.00	134.47	76,634,600
Sep 5, 2024	150.57	156.36	150.11	152.82	150.00	31,548,500
Sep 4, 2024	150.30	157.79	149.15	154.12	151.27	20,324,100
Sep 3, 2024	160.38	160.74	151.38	152.79	149.97	37,179,100
Aug 30, 2024	161.12	163.24	158.71	162.82	159.81	25,158,500
Aug 29, 2024	158.49	163.20	155.41	156.93	154.03	23,519,300
Aug 28, 2024	160.08	162.28	156.25	158.18	155.26	18,063,600
Aug 27, 2024	157.60	162.03	155.83	161.39	158.41	16,683,100
Aug 26, 2024	164.96	165.70	158.66	159.62	156.67	18,521,200
Aug 23, 2024	165.03	168.28	163.46	166.36	163.29	18,848,000
Aug 22, 2024	170.84	172.42	161.49	162.34	159.34	30,044,500
Aug 21, 2024	165.12	166.47	162.88	165.78	162.72	16,097,700
Aug 20, 2024	167.05	168.37	164.15	165.95	162.89	19,417,500
Aug 19, 2024	164.86	167.83	160.42	167.71	164.61	20,441,700
Aug 16, 2024	164.47	166.09	162.68	165.72	162.66	19,296,900
Aug 15, 2024	161.20	166.67	160.34	166.13	163.06	27,945,000
Aug 14, 2024	158.02	160.25	154.72	157.69	154.78	20,184,200
Aug 13, 2024	151.55	156.38	149.81	156.16	153.28	22,053,600
Aug 12, 2024	148.08	151.13	146.37	148.62	145.88	17,778,500
Aug 9, 2024	144.20	149.55	144.11	148.26	145.52	18,438,700
Aug 8, 2024	141.20	146.27	138.40	145.74	143.05	27,583,200
Aug 7, 2024	148.25	150.10	135.83	136.27	133.75	29,749,800
Aug 6, 2024	141.73	148.91	140.25	143.92	141.26	24,751,300
Aug 5, 2024	129.61	145.42	128.50	142.08	139.46	41,309,300
Aug 2, 2024	141.93	145.35	139.60	143.82	141.17	33,745,800
Aug 1, 2024	157.50	158.91	146.17	147.02	144.31	40,320,000
Jul 31, 2024	151.47	161.33	151.00	160.68	157.71	45,827,500
Jul 30, 2024	153.28	153.47	143.35	143.52	140.87	31,102,300
Jul 29, 2024	152.02	155.00	149.15	150.22	147.45	16,625,800
Jul 26, 2024	153.50	153.58	149.92	151.63	148.83	20,839,900
Jul 25, 2024	151.26	153.55	145.52	149.26	146.50	30,872,100
Jul 24, 2024	160.35	161.41	151.10	151.34	148.55	37,162,600
Jul 23, 2024	160.40	165.33	159.90	163.77	160.75	21,570,200
Jul 22, 2024	160.23	162.99	157.90	161.06	158.09	28,813,300
Jul 19, 2024	161.84	163.95	157.12	157.35	154.45	26,309,500
Jul 18, 2024	158.89	161.51	153.90	160.52	157.56	37,973,500
Jul 17, 2024	162.31	162.84	155.61	155.98	153.10	43,343,400
Jul 16, 2024	172.40	172.81	166.40	169.38	166.25	22,244,900
Jul 15, 2024	10:1 Stock Splits 
Jul 15, 2024	170.00	173.51	169.26	171.42	168.26	22,999,200
Jul 12, 2024	171.10	172.59	169.13	170.07	166.93	30,453,000
Jul 11, 2024	176.47	176.49	166.85	170.60	167.45	51,026,000
Jul 10, 2024	174.60	176.65	172.64	174.47	171.25	41,074,000
Jul 9, 2024	175.66	177.10	170.56	173.33	170.13	37,802,000
Jul 8, 2024	170.50	175.69	170.50	174.59	171.36	36,398,000
Jul 5, 2024	175.56	176.55	169.60	170.33	167.19	45,240,000
Jul 3, 2024	167.00	172.92	166.45	172.92	169.73	39,954,000
Jul 2, 2024	164.08	165.92	162.20	165.75	162.69	32,539,000
Jul 1, 2024	160.82	164.88	159.35	164.08	161.05	47,623,000
Jun 28, 2024	159.59	163.92	158.60	160.55	157.59	69,377,000
Jun 27, 2024	159.20	160.56	157.10	158.67	155.74	31,649,000
Jun 26, 2024	159.76	161.82	157.36	159.20	156.26	46,479,000
Jun 25, 2024	160.01	160.60	156.40	158.08	155.16	53,329,000
Jun 24, 2024	0.525 Dividend 
Jun 24, 2024	164.21	166.10	159.07	159.22	156.28	58,575,000
Jun 21, 2024	169.57	171.40	165.14	165.86	162.29	99,289,000
Jun 20, 2024	180.35	180.48	172.22	173.46	169.72	68,157,000
Jun 18, 2024	183.96	185.16	178.50	180.25	176.36	86,797,000
Jun 17, 2024	180.00	184.30	177.86	182.89	178.94	87,528,000
Jun 14, 2024	168.69	174.72	168.21	173.50	169.76	69,705,000
Jun 13, 2024	171.00	173.59	165.25	167.90	164.28	89,061,000
Jun 12, 2024	150.00	150.58	147.64	149.55	146.33	56,697,000
Jun 11, 2024	143.82	146.50	141.62	146.10	142.95	34,844,000
Jun 10, 2024	140.98	144.90	140.91	144.05	140.94	31,042,000
Jun 7, 2024	140.78	142.50	139.70	140.66	137.63	17,859,000
Jun 6, 2024	142.19	142.27	138.82	140.13	137.10	20,172,000
Jun 5, 2024	134.60	141.43	134.05	141.31	138.26	32,947,000
Jun 4, 2024	132.04	133.20	130.70	133.08	130.21	23,048,000
Jun 3, 2024	135.27	135.30	130.25	132.19	129.34	26,278,000
May 31, 2024	136.14	136.26	130.73	132.85	129.99	73,091,000
May 30, 2024	137.90	138.28	135.56	136.41	133.47	21,717,000
May 29, 2024	139.91	139.91	138.30	139.07	136.07	26,861,000
May 28, 2024	141.00	141.72	139.25	141.24	138.20	22,919,000
May 24, 2024	139.98	141.36	139.20	140.78	137.75	16,730,000
May 23, 2024	142.84	142.90	137.80	139.33	136.32	31,039,000
May 22, 2024	139.60	140.50	138.42	139.22	136.22	21,002,000
May 21, 2024	139.87	140.94	139.35	139.92	136.90	15,333,000
May 20, 2024	139.60	141.69	139.32	141.40	138.35	27,170,000
May 17, 2024	141.24	141.95	138.18	139.53	136.52	18,174,000
May 16, 2024	142.60	144.54	140.51	141.21	138.17	28,395,000
May 15, 2024	138.00	143.90	137.00	143.62	140.52	32,757,000
May 14, 2024	133.23	138.20	132.58	138.00	135.03	19,420,000
May 13, 2024	134.80	135.84	133.01	133.75	130.87	18,507,000
May 10, 2024	131.53	134.40	131.53	133.28	130.41	16,300,000
May 9, 2024	131.78	132.16	130.20	130.57	127.75	12,170,000
May 8, 2024	129.35	133.79	128.85	132.54	129.68	13,918,000
May 7, 2024	131.64	131.90	129.68	130.31	127.50	12,413,000
May 6, 2024	128.62	131.08	127.51	131.03	128.21	16,287,000
May 3, 2024	125.90	128.39	124.71	127.81	125.05	24,898,000
May 2, 2024	125.63	126.44	122.33	123.86	121.19	29,480,000
May 1, 2024	127.83	129.24	124.14	124.29	121.61	30,958,000
Apr 30, 2024	132.89	134.84	129.90	130.03	127.22	22,113,000
Apr 29, 2024	134.41	135.30	132.57	133.86	130.98	13,372,000
Apr 26, 2024	131.00	135.58	130.31	134.41	131.51	24,100,000
Apr 25, 2024	127.25	130.80	125.70	129.44	126.65	30,410,000
Apr 24, 2024	126.39	128.56	124.50	125.68	122.97	20,108,000
Apr 23, 2024	122.82	125.79	122.80	124.92	122.22	22,025,000
Apr 22, 2024	122.45	123.32	120.05	122.45	119.81	25,162,000
Apr 19, 2024	125.90	126.00	119.76	120.47	117.87	44,797,000
Apr 18, 2024	128.80	129.26	125.55	125.90	123.18	24,888,000
Apr 17, 2024	134.31	134.70	128.14	128.26	125.50	24,718,000
Apr 16, 2024	131.54	133.63	131.10	132.91	130.04	18,923,000
Apr 15, 2024	137.00	137.00	130.60	131.07	128.24	24,370,000
Apr 12, 2024	135.20	136.65	133.66	134.41	131.51	27,823,000
Apr 11, 2024	133.27	139.19	132.37	138.25	135.26	31,713,000
Apr 10, 2024	132.30	133.57	131.55	132.24	129.39	17,467,000
Apr 9, 2024	135.74	135.95	130.86	133.41	130.53	17,986,000
Apr 8, 2024	133.37	134.25	131.57	133.61	130.73	17,139,000
Apr 5, 2024	132.60	136.12	131.42	133.94	131.05	19,438,000
Apr 4, 2024	138.53	140.40	131.50	131.75	128.91	27,014,000
Apr 3, 2024	132.80	137.68	132.53	136.32	133.38	28,650,000
Apr 2, 2024	131.58	134.24	130.34	133.88	130.99	24,694,000
Apr 1, 2024	132.57	136.30	132.54	135.03	132.11	17,252,000
Mar 28, 2024	131.79	133.01	131.15	132.54	129.68	19,856,000
Mar 27, 2024	135.00	135.00	129.60	131.87	129.03	25,583,000
Mar 26, 2024	136.47	137.99	133.05	133.15	130.28	23,522,000
Mar 25, 2024	134.50	135.84	133.75	135.16	132.24	21,237,000
Mar 22, 2024	135.00	137.62	134.62	135.35	132.43	38,624,000
Mar 21, 2024	132.83	140.36	131.60	134.80	131.89	72,468,000
Mar 20, 2024	0.525 Dividend 
Mar 20, 2024	123.90	128.80	122.66	127.60	124.85	40,946,000
Mar 19, 2024	121.69	124.03	120.40	123.80	120.62	24,491,000
Mar 18, 2024	125.40	126.29	123.17	123.72	120.54	25,737,000
Mar 15, 2024	125.35	126.74	123.01	123.55	120.37	88,823,000
Mar 14, 2024	126.25	127.31	124.77	126.23	122.98	38,029,000
Mar 13, 2024	128.29	128.29	125.24	125.79	122.55	37,838,000
Mar 12, 2024	130.70	130.78	125.93	129.19	125.87	42,789,000
Mar 11, 2024	127.79	129.90	125.26	129.31	125.99	31,105,000
Mar 8, 2024	139.43	141.30	130.16	130.87	127.51	74,025,000
Mar 7, 2024	138.20	141.43	137.29	140.70	137.08	62,832,000
Mar 6, 2024	139.16	139.48	134.71	135.00	131.53	43,196,000
Mar 5, 2024	139.50	139.50	133.24	134.27	130.82	36,040,000
Mar 4, 2024	140.32	143.82	138.52	140.23	136.62	34,854,000
Mar 1, 2024	132.59	140.78	132.00	139.92	136.32	44,488,000
Feb 29, 2024	130.33	130.84	128.73	130.05	126.70	27,536,000
Feb 28, 2024	129.30	129.85	128.30	128.94	125.63	10,967,000
Feb 27, 2024	130.91	131.19	129.22	129.62	126.29	12,126,000
Feb 26, 2024	131.00	131.88	130.15	130.91	127.55	16,282,000
Feb 23, 2024	130.84	131.96	128.88	129.64	126.30	23,115,000
Feb 22, 2024	128.17	131.10	127.65	130.49	127.13	40,819,000
Feb 21, 2024	121.80	122.81	120.26	122.75	119.59	20,579,000
Feb 20, 2024	123.59	123.77	121.26	122.65	119.50	26,329,000
Feb 16, 2024	125.90	127.57	124.24	124.55	121.35	21,268,000
Feb 15, 2024	128.00	128.00	124.49	126.51	123.25	21,873,000
Feb 14, 2024	126.92	127.30	124.13	126.22	122.98	27,306,000
Feb 13, 2024	123.51	125.59	122.71	125.17	121.95	31,907,000
Feb 12, 2024	129.00	129.01	125.90	126.50	123.25	24,778,000
Feb 9, 2024	125.20	128.57	124.90	128.34	125.04	26,293,000
Feb 8, 2024	126.70	129.60	126.50	127.48	124.20	29,326,000
Feb 7, 2024	123.40	125.95	122.67	125.71	122.47	25,768,000
Feb 6, 2024	126.36	127.21	121.19	122.26	119.12	25,354,000
Feb 5, 2024	122.70	124.78	122.21	124.31	121.11	22,045,000
Feb 2, 2024	120.88	123.47	120.51	122.43	119.29	26,689,000
Feb 1, 2024	118.74	120.31	117.91	120.00	116.92	19,411,000
Jan 31, 2024	118.94	119.72	117.43	118.00	114.97	27,400,000
Jan 30, 2024	121.68	122.80	120.43	120.82	117.71	20,683,000
Jan 29, 2024	121.49	122.37	120.50	121.78	118.65	21,526,000
Jan 26, 2024	121.97	122.12	120.02	120.49	117.39	25,818,000
Jan 25, 2024	128.10	128.10	122.88	123.00	119.84	36,356,000
Jan 24, 2024	124.23	128.46	123.10	125.39	122.16	34,805,000
Jan 23, 2024	122.10	122.70	120.35	122.63	119.48	16,952,000
Jan 22, 2024	121.63	123.13	120.82	122.05	118.91	31,222,000
Jan 19, 2024	115.73	121.70	115.60	121.12	118.01	53,077,000
Jan 18, 2024	112.49	114.65	112.19	114.39	111.45	32,228,000
Jan 17, 2024	110.63	111.31	109.02	110.37	107.53	18,314,000
Jan 16, 2024	111.23	112.62	109.86	111.50	108.63	26,145,000
Jan 12, 2024	111.21	111.57	110.00	110.77	107.92	26,882,000
Jan 11, 2024	108.43	110.13	107.45	110.00	107.17	25,757,000
Jan 10, 2024	108.04	108.30	106.26	108.06	105.28	17,643,000
Jan 9, 2024	106.56	108.86	106.47	108.25	105.47	23,225,000
Jan 8, 2024	105.65	107.80	105.20	107.49	104.72	33,110,000
Jan 5, 2024	105.16	105.55	104.15	104.93	102.23	22,475,000
Jan 4, 2024	105.80	106.95	104.74	104.90	102.20	25,658,000
Jan 3, 2024	107.02	107.50	105.53	105.86	103.14	34,735,000
Jan 2, 2024	109.21	110.20	107.71	108.54	105.75	28,831,000
Dec 29, 2023	112.15	112.44	111.47	111.63	108.75	20,558,000
Dec 28, 2023	113.17	113.22	111.90	112.24	109.35	21,247,000
Dec 27, 2023	113.60	113.96	112.30	112.62	109.72	20,055,000
Dec 26, 2023	112.42	113.55	112.30	113.19	110.28	16,793,000
Dec 22, 2023	112.80	113.20	111.35	112.20	109.31	19,089,000
Dec 21, 2023	113.26	113.54	111.50	112.73	109.83	24,106,000
Dec 20, 2023	113.27	114.14	110.93	111.04	108.18	34,523,000
Dec 19, 2023	0.525 Dividend 
Dec 19, 2023	114.20	115.05	113.25	113.96	111.03	36,020,000
Dec 18, 2023	112.08	115.18	111.86	114.70	111.24	54,741,000
Dec 15, 2023	109.52	114.99	109.46	112.97	109.56	118,544,000
Dec 14, 2023	109.22	112.15	109.03	110.65	107.31	66,964,000
Dec 13, 2023	106.80	109.98	106.25	108.97	105.68	71,654,000
Dec 12, 2023	102.80	107.94	102.46	107.23	103.99	90,242,000
Dec 11, 2023	95.70	103.95	95.61	102.92	99.82	101,184,000
Dec 8, 2023	92.78	95.07	91.05	94.43	91.58	69,668,000
Dec 7, 2023	90.55	92.41	90.36	92.23	89.44	43,517,000
Dec 6, 2023	92.04	92.10	90.31	90.36	87.64	24,813,000
Dec 5, 2023	91.16	91.73	90.58	91.31	88.56	37,066,000
Dec 4, 2023	92.06	93.10	91.64	92.40	89.61	25,009,000
Dec 1, 2023	92.25	93.39	90.80	93.00	90.19	29,612,000
Nov 30, 2023	94.10	94.24	91.84	92.57	89.78	49,571,000
Nov 29, 2023	94.83	95.94	93.94	94.08	91.24	34,843,000
Nov 28, 2023	93.99	95.09	93.42	94.64	91.78	39,025,000
Nov 27, 2023	97.61	98.10	94.93	95.02	92.16	96,962,000
Nov 24, 2023	97.50	97.99	96.68	97.89	94.93	23,158,000
Nov 22, 2023	98.37	98.80	97.10	97.20	94.27	33,743,000
Nov 21, 2023	97.50	99.10	97.16	98.12	95.16	43,344,000
Nov 20, 2023	97.30	99.99	97.30	99.57	96.57	18,674,000
Nov 17, 2023	95.82	98.39	95.10	97.77	94.82	19,789,000
Nov 16, 2023	96.40	96.87	95.05	95.96	93.06	26,198,000
Nov 15, 2023	97.95	98.18	96.69	97.54	94.60	16,099,000
Nov 14, 2023	96.23	97.68	95.53	97.30	94.36	23,886,000
Nov 13, 2023	95.00	95.24	94.05	94.69	91.84	16,893,000
Nov 10, 2023	92.17	95.89	91.82	95.75	92.86	36,272,000
Nov 9, 2023	91.25	92.98	90.86	91.14	88.39	24,486,000
Nov 8, 2023	90.00	91.29	89.90	91.11	88.36	15,280,000
Nov 7, 2023	88.23	90.18	87.62	89.78	87.07	19,365,000
Nov 6, 2023	88.16	88.59	87.12	88.08	85.43	12,870,000
Nov 3, 2023	87.75	88.75	87.11	88.27	85.60	18,041,000
Nov 2, 2023	86.20	88.05	86.00	87.13	84.50	18,759,000
Nov 1, 2023	84.20	85.38	83.56	85.29	82.72	18,684,000
Oct 31, 2023	84.39	84.55	83.26	84.14	81.60	14,747,000
Oct 30, 2023	84.11	84.94	82.71	84.13	81.59	20,889,000
Oct 27, 2023	83.00	84.02	82.85	83.84	81.31	18,236,000
Oct 26, 2023	84.79	85.44	81.83	82.68	80.18	27,917,000
Oct 25, 2023	87.71	87.87	84.61	84.96	82.40	21,432,000
Oct 24, 2023	86.40	88.30	86.31	88.11	85.45	14,972,000
Oct 23, 2023	85.80	87.36	84.28	86.22	83.62	16,456,000
Oct 20, 2023	87.49	87.49	85.18	85.36	82.79	26,953,000
Oct 19, 2023	88.70	88.95	86.57	86.78	84.16	26,620,000
Oct 18, 2023	88.00	89.56	87.52	88.70	86.03	20,404,000
Oct 17, 2023	88.51	89.30	86.60	88.44	85.77	33,008,000
Oct 16, 2023	89.10	91.58	89.10	90.26	87.53	21,150,000
Oct 13, 2023	90.90	92.59	88.21	88.32	85.65	28,312,000
Oct 12, 2023	87.64	91.79	87.64	90.56	87.83	43,871,000
Oct 11, 2023	85.97	87.53	85.65	87.46	84.82	14,334,000
Oct 10, 2023	85.71	87.25	85.57	85.84	83.25	14,718,000
Oct 9, 2023	84.05	85.66	83.78	85.59	83.01	15,760,000
Oct 6, 2023	81.94	84.84	81.17	84.53	81.98	21,103,000
Oct 5, 2023	82.01	82.86	81.55	82.39	79.90	11,474,000
Oct 4, 2023	82.03	83.06	81.63	82.38	79.90	16,417,000
Oct 3, 2023	82.70	83.57	80.89	81.48	79.02	18,761,000
Oct 2, 2023	82.91	83.86	82.35	83.50	80.98	14,676,000
Sep 29, 2023	83.64	84.40	82.29	83.06	80.55	16,481,000
Sep 28, 2023	82.02	83.89	81.47	83.20	80.69	16,180,000
Sep 27, 2023	81.93	82.37	80.44	81.68	79.22	15,352,000
Sep 26, 2023	82.92	83.03	81.12	81.62	79.16	17,641,000
Sep 25, 2023	82.80	83.86	82.30	83.39	80.87	15,648,000
Sep 22, 2023	81.12	83.06	81.04	82.91	80.41	27,764,000
Sep 21, 2023	79.51	82.25	79.51	80.84	78.40	53,654,000
Sep 20, 2023	0.46 Dividend 
Sep 20, 2023	85.00	85.00	83.04	83.06	80.55	13,681,000
Sep 19, 2023	84.60	85.10	83.85	84.92	81.91	13,126,000
Sep 18, 2023	84.26	85.63	84.00	85.00	81.99	16,541,000
Sep 15, 2023	86.82	86.82	84.29	85.17	82.15	50,190,000
Sep 14, 2023	85.90	87.67	85.50	87.16	84.08	19,648,000
Sep 13, 2023	84.72	85.91	84.42	85.29	82.27	17,413,000
Sep 12, 2023	85.02	85.83	84.17	84.45	81.46	16,680,000
Sep 11, 2023	86.88	86.90	84.57	85.91	82.87	15,710,000
Sep 8, 2023	85.50	86.08	85.01	85.75	82.72	16,810,000
Sep 7, 2023	85.95	86.17	84.05	85.70	82.67	27,789,000
Sep 6, 2023	87.25	87.74	86.67	87.23	84.14	20,142,000
Sep 5, 2023	86.95	88.30	86.70	87.22	84.13	24,808,000
Sep 1, 2023	90.19	90.19	86.47	87.25	84.16	65,017,000
Aug 31, 2023	89.80	92.37	89.38	92.29	89.02	55,203,000
Aug 30, 2023	89.24	89.87	87.91	89.23	86.07	23,234,000
Aug 29, 2023	85.84	89.28	85.64	88.99	85.84	27,822,000
Aug 28, 2023	85.64	86.41	84.71	86.11	83.06	14,306,000
Aug 25, 2023	85.70	86.94	83.77	85.18	82.16	24,181,000
Aug 24, 2023	90.24	90.99	85.25	85.45	82.42	30,934,000
Aug 23, 2023	85.08	87.82	85.00	87.66	84.55	19,692,000
Aug 22, 2023	87.34	87.47	85.09	85.58	82.55	17,079,000
Aug 21, 2023	83.41	86.73	83.18	86.51	83.45	30,012,000
Aug 18, 2023	82.00	82.82	81.20	82.58	79.66	17,759,000
Aug 17, 2023	83.65	83.94	82.70	82.71	79.78	19,228,000
Aug 16, 2023	84.78	85.45	83.20	83.30	80.35	16,003,000
Aug 15, 2023	84.92	85.46	83.65	84.25	81.27	14,035,000
Aug 14, 2023	83.11	85.42	82.74	85.41	82.38	17,688,000
Aug 11, 2023	83.40	83.64	82.35	82.98	80.04	20,331,000
Aug 10, 2023	85.31	86.15	83.71	84.29	81.30	20,186,000
Aug 9, 2023	88.27	88.35	84.87	85.07	82.06	24,672,000
Aug 8, 2023	89.01	89.06	87.34	88.32	85.19	14,081,000
Aug 7, 2023	88.77	89.74	88.53	89.71	86.53	11,146,000
Aug 4, 2023	88.50	89.36	87.34	88.17	85.04	21,156,000
Aug 3, 2023	88.66	89.53	88.11	88.50	85.36	18,281,000
Aug 2, 2023	91.23	91.30	89.03	89.23	86.07	26,877,000
Aug 1, 2023	89.90	92.06	89.77	92.00	88.74	19,683,000
Jul 31, 2023	89.75	90.10	89.10	89.86	86.68	14,952,000
Jul 28, 2023	89.93	90.36	89.39	89.98	86.79	18,791,000
Jul 27, 2023	90.85	90.99	88.60	89.35	86.19	21,922,000
Jul 26, 2023	90.90	91.06	88.76	89.31	86.14	19,877,000
Jul 25, 2023	90.06	92.32	90.06	91.80	88.55	20,042,000
Jul 24, 2023	90.08	90.54	89.42	90.16	86.96	19,992,000
Jul 21, 2023	90.45	91.11	89.38	89.68	86.50	74,287,000
Jul 20, 2023	89.25	90.70	88.60	88.83	85.69	28,268,000
Jul 19, 2023	89.73	90.60	88.56	90.14	86.94	24,118,000
Jul 18, 2023	90.60	90.99	89.83	90.34	87.14	24,513,000
Jul 17, 2023	89.10	91.32	88.98	91.04	87.81	26,819,000
Jul 14, 2023	88.62	90.33	88.62	88.86	85.71	18,510,000
Jul 13, 2023	89.89	89.89	87.83	89.04	85.88	25,912,000
Jul 12, 2023	88.90	89.76	88.20	89.00	85.84	28,197,000
Jul 11, 2023	88.11	88.30	86.46	88.21	85.08	25,498,000
Jul 10, 2023	84.83	87.92	84.83	87.77	84.66	30,622,000
Jul 7, 2023	85.04	85.80	84.47	84.68	81.68	19,409,000
Jul 6, 2023	84.50	85.39	84.43	84.80	81.80	23,939,000
Jul 5, 2023	86.74	87.69	86.18	86.19	83.13	14,440,000
Jul 3, 2023	86.86	87.67	86.49	87.64	84.54	9,038,000
Jun 30, 2023	86.85	87.46	86.43	86.74	83.67	23,145,000
Jun 29, 2023	85.44	86.28	84.64	86.26	83.20	23,386,000
Jun 28, 2023	83.87	85.85	83.71	84.79	81.79	19,445,000
Jun 27, 2023	82.87	85.00	82.10	84.84	81.83	24,923,000
Jun 26, 2023	82.50	83.70	82.02	82.16	79.25	21,372,000
Jun 23, 2023	83.40	83.60	81.89	82.21	79.30	37,413,000
Jun 22, 2023	84.51	84.89	83.53	84.24	81.26	23,464,000
Jun 21, 2023	0.46 Dividend 
Jun 21, 2023	86.00	86.60	84.46	84.77	81.76	23,229,000
Jun 20, 2023	86.27	87.71	86.10	86.80	83.28	27,535,000
Jun 16, 2023	88.93	89.00	86.54	86.81	83.29	68,299,000
Jun 15, 2023	88.44	88.80	87.10	88.34	84.76	33,814,000
Jun 14, 2023	85.59	88.85	84.72	88.62	85.03	43,524,000
Jun 13, 2023	86.11	86.33	84.10	85.11	81.66	38,990,000
Jun 12, 2023	81.11	85.80	81.11	85.54	82.07	51,065,000
Jun 9, 2023	80.58	81.78	80.39	80.46	77.20	19,241,000
Jun 8, 2023	79.49	80.50	78.88	80.42	77.16	21,909,000
Jun 7, 2023	78.98	80.54	78.75	79.26	76.05	28,957,000
Jun 6, 2023	80.20	80.20	77.64	79.00	75.80	37,823,000
Jun 5, 2023	80.92	80.92	79.45	80.23	76.98	26,222,000
Jun 2, 2023	79.06	82.38	78.72	81.20	77.91	62,815,000
Jun 1, 2023	80.06	80.58	78.52	79.00	75.79	80,792,000
May 31, 2023	79.49	82.17	79.01	80.80	77.52	89,998,000
May 30, 2023	83.51	92.18	79.88	80.33	77.08	116,912,000
May 26, 2023	74.74	81.50	74.70	81.27	77.98	82,500,000
May 25, 2023	69.94	73.24	69.08	72.88	69.93	49,263,000
May 24, 2023	68.14	68.43	67.61	67.95	65.20	23,021,000
May 23, 2023	69.06	69.90	68.20	68.65	65.87	36,088,000
May 22, 2023	68.14	68.47	67.41	67.84	65.09	17,796,000
May 19, 2023	68.00	68.50	67.84	68.22	65.46	22,968,000
May 18, 2023	65.60	67.94	65.60	67.79	65.04	26,389,000
May 17, 2023	64.74	66.09	64.46	65.75	63.08	24,133,000
May 16, 2023	64.05	64.69	63.87	64.14	61.54	14,967,000
May 15, 2023	63.19	64.00	62.85	63.98	61.39	14,614,000
May 12, 2023	62.84	63.27	62.42	63.12	60.56	11,942,000
May 11, 2023	62.66	62.85	61.80	62.77	60.22	14,430,000
May 10, 2023	62.21	62.80	61.83	62.63	60.09	19,174,000
May 9, 2023	62.27	62.41	61.59	61.85	59.34	16,990,000
May 8, 2023	62.98	63.07	62.06	62.91	60.36	13,934,000
May 5, 2023	61.60	63.15	61.34	63.01	60.46	24,876,000
May 4, 2023	61.00	61.40	60.13	61.02	58.54	17,684,000
May 3, 2023	61.69	62.19	61.24	61.32	58.83	19,816,000
May 2, 2023	62.58	62.65	60.50	61.23	58.75	28,357,000
May 1, 2023	62.65	63.90	62.62	63.79	61.21	17,030,000
Apr 28, 2023	61.91	62.68	61.46	62.65	60.11	16,183,000
Apr 27, 2023	61.62	62.01	60.32	61.84	59.33	18,250,000
Apr 26, 2023	62.00	62.31	61.35	61.62	59.12	17,179,000
Apr 25, 2023	63.40	63.60	62.17	62.20	59.68	23,670,000
Apr 24, 2023	63.36	63.88	63.18	63.45	60.88	12,338,000
Apr 21, 2023	63.06	63.38	62.20	63.29	60.72	14,807,000
Apr 20, 2023	62.79	64.27	62.71	63.30	60.74	20,239,000
Apr 19, 2023	62.68	63.68	62.56	63.45	60.88	19,060,000
Apr 18, 2023	63.16	63.55	62.71	63.23	60.67	16,806,000
Apr 17, 2023	61.86	62.83	61.78	62.74	60.19	13,201,000
Apr 14, 2023	62.05	62.80	61.52	61.95	59.44	17,465,000
Apr 13, 2023	61.91	62.65	61.71	62.42	59.89	17,265,000
Apr 12, 2023	62.73	62.75	61.63	61.67	59.17	14,112,000
Apr 11, 2023	63.08	63.09	62.08	62.16	59.64	16,518,000
Apr 10, 2023	61.81	62.79	61.65	62.74	60.20	15,400,000
Apr 6, 2023	62.42	62.84	61.90	62.26	59.74	14,493,000
Apr 5, 2023	63.11	63.17	62.57	62.90	60.35	16,908,000
Apr 4, 2023	64.32	64.42	63.20	63.44	60.87	13,429,000
Apr 3, 2023	63.90	64.39	63.64	64.25	61.64	15,682,000
Mar 31, 2023	63.05	64.22	62.59	64.15	61.55	22,097,000
Mar 30, 2023	63.27	63.60	62.93	63.38	60.81	21,523,000
Mar 29, 2023	63.28	63.40	62.46	62.55	60.01	26,395,000
Mar 28, 2023	62.52	62.65	61.89	62.47	59.94	12,439,000
Mar 27, 2023	63.90	63.91	62.60	62.68	60.14	14,707,000
Mar 24, 2023	63.80	63.93	62.85	63.62	61.04	17,228,000
Mar 23, 2023	63.89	64.82	63.15	63.92	61.33	27,162,000
Mar 22, 2023	63.69	64.85	63.07	63.09	60.53	25,799,000
Mar 21, 2023	0.46 Dividend 
Mar 21, 2023	64.31	64.66	63.43	63.67	61.09	25,000,000
Mar 20, 2023	63.27	64.47	63.16	64.37	61.32	25,857,000
Mar 17, 2023	63.65	63.96	62.71	63.10	60.11	79,303,000
Mar 16, 2023	62.19	63.71	61.78	63.65	60.63	31,716,000
Mar 15, 2023	62.77	63.01	61.62	62.60	59.64	22,963,000
Mar 14, 2023	62.34	63.34	61.85	63.25	60.25	25,893,000
Mar 13, 2023	60.71	62.44	60.69	61.65	58.73	22,364,000
Mar 10, 2023	62.82	63.02	61.28	61.48	58.57	26,098,000
Mar 9, 2023	63.01	64.24	62.19	62.25	59.30	21,775,000
Mar 8, 2023	62.78	63.27	62.37	63.23	60.23	20,912,000
Mar 7, 2023	63.49	63.58	62.35	62.51	59.55	19,334,000
Mar 6, 2023	63.50	64.40	63.17	63.29	60.29	24,983,000
Mar 3, 2023	61.77	63.57	61.58	63.28	60.28	46,088,000
Mar 2, 2023	58.94	60.09	58.61	59.87	57.03	27,525,000
Mar 1, 2023	59.40	59.82	59.03	59.36	56.54	15,484,000
Feb 28, 2023	58.56	59.86	58.22	59.43	56.61	27,822,000
Feb 27, 2023	58.59	58.98	58.43	58.54	55.77	18,321,000
Feb 24, 2023	57.75	58.02	57.36	57.78	55.04	15,353,000
Feb 23, 2023	58.58	58.59	57.37	58.38	55.61	18,939,000
Feb 22, 2023	58.22	58.31	57.21	57.62	54.89	23,475,000
Feb 21, 2023	59.00	59.31	57.98	58.15	55.40	22,737,000
Feb 17, 2023	60.00	60.08	59.24	59.56	56.74	14,215,000
Feb 16, 2023	60.08	60.89	59.96	60.05	57.21	17,449,000
Feb 15, 2023	59.89	60.83	59.67	60.77	57.89	12,683,000
Feb 14, 2023	59.42	60.56	59.33	60.23	57.38	17,571,000
Feb 13, 2023	59.50	60.15	59.35	60.11	57.26	19,847,000
Feb 10, 2023	59.63	59.85	58.96	59.33	56.51	21,035,000
Feb 9, 2023	61.26	61.49	59.55	59.94	57.10	18,837,000
Feb 8, 2023	60.67	61.02	60.06	60.17	57.32	15,290,000
Feb 7, 2023	60.07	61.70	59.97	61.44	58.53	24,025,000
Feb 6, 2023	59.33	60.32	59.23	60.13	57.28	18,709,000
Feb 3, 2023	59.80	60.80	59.63	59.76	56.93	19,093,000
Feb 2, 2023	60.76	61.31	59.97	60.58	57.71	24,188,000
Feb 1, 2023	58.36	60.83	58.27	60.28	57.42	26,553,000
Jan 31, 2023	58.21	58.72	58.07	58.50	55.73	23,719,000
Jan 30, 2023	58.30	58.96	57.98	58.15	55.39	16,984,000
Jan 27, 2023	59.33	59.92	59.02	59.10	56.30	19,344,000
Jan 26, 2023	59.04	60.06	58.63	59.86	57.02	24,525,000
Jan 25, 2023	57.77	58.70	57.60	58.57	55.79	13,766,000
Jan 24, 2023	57.84	58.67	57.56	58.50	55.73	13,825,000
Jan 23, 2023	57.20	58.48	56.98	58.16	55.41	23,429,000
Jan 20, 2023	56.30	57.14	55.91	57.08	54.37	22,950,000
Jan 19, 2023	56.91	57.01	56.03	56.32	53.65	22,692,000
Jan 18, 2023	58.32	58.76	57.37	57.43	54.71	15,703,000
Jan 17, 2023	57.49	58.54	57.45	57.92	55.18	15,835,000
Jan 13, 2023	57.72	58.19	57.67	57.90	55.16	19,647,000
Jan 12, 2023	57.56	58.51	57.38	58.19	55.44	19,514,000
Jan 11, 2023	57.30	57.83	56.69	57.81	55.07	22,502,000
Jan 10, 2023	57.20	57.51	55.00	57.49	54.77	44,635,000
Jan 9, 2023	59.23	60.17	56.06	57.69	54.95	37,739,000
Jan 6, 2023	56.31	59.10	56.23	58.84	56.05	35,261,000
Jan 5, 2023	55.57	55.98	55.11	55.50	52.87	16,277,000
Jan 4, 2023	56.30	56.82	55.60	56.02	53.37	17,074,000
Jan 3, 2023	56.50	56.76	55.08	55.35	52.72	20,173,000
Dec 30, 2022	55.18	55.97	54.80	55.91	53.26	14,376,000
Dec 29, 2022	55.19	56.26	55.05	55.78	53.14	18,176,000
Dec 28, 2022	55.16	55.78	54.24	54.49	51.91	15,410,000
Dec 27, 2022	55.15	55.81	54.69	55.35	52.73	16,677,000
Dec 23, 2022	55.00	55.36	54.74	55.24	52.62	13,761,000
Dec 22, 2022	55.33	55.49	54.72	55.31	52.69	27,553,000
Dec 21, 2022	54.77	56.19	54.69	56.12	53.46	25,619,000
Dec 20, 2022	54.52	54.90	54.09	54.40	51.82	29,831,000
Dec 19, 2022	0.46 Dividend 
Dec 19, 2022	55.40	55.65	54.57	54.96	52.36	25,092,000
Dec 16, 2022	55.74	55.98	55.09	55.59	52.52	49,549,000
Dec 15, 2022	56.38	56.65	55.77	55.80	52.72	36,876,000
Dec 14, 2022	56.85	58.56	56.77	57.44	54.27	35,218,000
Dec 13, 2022	57.58	58.18	56.50	57.10	53.95	40,414,000
Dec 12, 2022	54.47	55.69	54.22	55.66	52.59	23,416,000
Dec 9, 2022	55.09	55.26	54.10	54.47	51.46	37,028,000
Dec 8, 2022	52.08	53.24	52.04	53.11	50.17	27,514,000
Dec 7, 2022	51.96	52.50	51.60	51.85	48.98	16,524,000
Dec 6, 2022	53.06	53.36	52.17	52.58	49.68	19,655,000
Dec 5, 2022	53.78	53.95	52.55	53.06	50.13	18,548,000
Dec 2, 2022	53.71	54.27	53.61	54.08	51.09	19,320,000
Dec 1, 2022	55.10	55.24	54.20	55.08	52.03	23,006,000
Nov 30, 2022	52.41	55.17	51.78	55.10	52.06	47,349,000
Nov 29, 2022	52.30	52.58	51.48	52.14	49.26	12,694,000
Nov 28, 2022	52.52	52.88	51.62	52.22	49.33	23,505,000
Nov 25, 2022	53.07	53.46	52.95	52.99	50.06	7,455,000
Nov 23, 2022	53.03	54.15	52.88	53.36	50.41	13,964,000
Nov 22, 2022	52.30	53.03	51.90	53.01	50.07	18,920,000
Nov 21, 2022	51.29	52.08	51.11	51.74	48.88	18,622,000
Nov 18, 2022	51.69	51.77	51.10	51.52	48.67	14,536,000
Nov 17, 2022	50.50	51.27	50.31	51.21	48.38	20,375,000
Nov 16, 2022	51.67	51.85	51.03	51.17	48.34	25,405,000
Nov 15, 2022	53.00	53.26	51.59	52.44	49.54	23,315,000
Nov 14, 2022	51.54	52.50	51.30	51.32	48.48	21,608,000
Nov 11, 2022	50.48	51.90	50.20	51.81	48.95	26,728,000
Nov 10, 2022	49.10	50.72	48.72	50.66	47.86	33,970,000
Nov 9, 2022	47.85	47.90	46.90	46.95	44.35	23,695,000
Nov 8, 2022	48.13	48.88	47.35	48.21	45.55	20,743,000
Nov 7, 2022	46.68	47.77	46.16	47.52	44.90	17,687,000
Nov 4, 2022	45.69	46.89	45.33	46.53	43.96	28,891,000
Nov 3, 2022	45.09	45.29	44.14	44.41	41.96	23,887,000
Nov 2, 2022	47.03	48.04	45.57	45.60	43.08	21,070,000
Nov 1, 2022	47.58	47.68	46.32	46.79	44.20	16,324,000
Oct 31, 2022	46.69	47.28	46.50	47.01	44.41	19,259,000
Oct 28, 2022	45.70	47.43	45.56	47.29	44.68	23,094,000
Oct 27, 2022	46.60	47.08	45.49	45.54	43.02	18,512,000
Oct 26, 2022	45.80	47.18	45.53	46.12	43.57	29,291,000
Oct 25, 2022	45.80	46.43	45.68	46.01	43.46	18,246,000
Oct 24, 2022	45.27	45.88	45.11	45.65	43.13	25,287,000
Oct 21, 2022	43.21	45.07	42.92	44.97	42.49	26,980,000
Oct 20, 2022	43.51	44.22	42.81	43.03	40.65	23,402,000
Oct 19, 2022	43.32	43.83	43.09	43.53	41.12	12,702,000
Oct 18, 2022	44.82	44.85	43.02	43.48	41.08	20,341,000
Oct 17, 2022	43.96	44.12	43.34	43.54	41.13	24,120,000
Oct 14, 2022	44.33	44.40	42.64	42.71	40.35	22,816,000
Oct 13, 2022	41.74	44.38	41.51	43.80	41.38	27,980,000
Oct 12, 2022	43.22	43.57	42.80	43.06	40.68	15,046,000
Oct 11, 2022	43.52	43.87	42.56	43.08	40.69	28,046,000
Oct 10, 2022	46.00	46.01	43.18	43.77	41.35	33,454,000
Oct 7, 2022	47.24	47.33	45.90	46.05	43.50	28,425,000
Oct 6, 2022	48.38	48.97	47.87	47.95	45.30	17,250,000
Oct 5, 2022	47.26	48.81	47.15	48.48	45.80	18,493,000
Oct 4, 2022	46.85	48.02	46.59	47.99	45.33	27,277,000
Oct 3, 2022	44.92	46.10	44.70	45.68	43.15	21,479,000
Sep 30, 2022	44.91	45.78	44.36	44.40	41.95	27,202,000
Sep 29, 2022	46.09	46.14	44.49	45.01	42.52	39,997,000
Sep 28, 2022	46.13	46.88	45.63	46.60	44.02	27,605,000
Sep 27, 2022	46.96	46.99	45.65	46.47	43.91	17,850,000
Sep 26, 2022	46.90	47.33	46.13	46.23	43.67	19,361,000
Sep 23, 2022	47.49	47.80	46.20	46.87	44.28	29,649,000
Sep 22, 2022	48.24	48.32	47.30	47.76	45.12	23,540,000
Sep 21, 2022	0.41 Dividend 
Sep 21, 2022	49.10	49.99	48.18	48.21	45.55	20,669,000
Sep 20, 2022	49.60	49.88	48.97	49.31	46.19	17,132,000
Sep 19, 2022	49.44	50.34	49.44	50.18	47.02	17,948,000
Sep 16, 2022	49.77	50.37	48.99	50.25	47.08	59,012,000
Sep 15, 2022	50.89	51.16	49.73	50.01	46.86	36,574,000
Sep 14, 2022	50.71	51.30	50.28	51.08	47.85	20,605,000
Sep 13, 2022	51.38	51.83	50.17	50.37	47.19	35,136,000
Sep 12, 2022	52.67	53.13	52.46	52.91	49.57	18,157,000
Sep 9, 2022	51.54	52.60	51.54	52.24	48.94	23,019,000
Sep 8, 2022	50.26	51.27	49.87	51.19	47.96	22,535,000
Sep 7, 2022	50.29	50.94	49.91	50.51	47.32	20,440,000
Sep 6, 2022	49.85	50.40	49.04	49.82	46.67	24,738,000
Sep 2, 2022	51.80	51.98	49.83	50.02	46.86	40,426,000
Sep 1, 2022	49.15	49.33	48.08	49.20	46.09	31,930,000
Aug 31, 2022	51.02	51.02	49.65	49.91	46.76	32,445,000
Aug 30, 2022	51.68	51.79	50.14	50.64	47.44	18,282,000
Aug 29, 2022	52.00	52.27	51.20	51.42	48.17	16,580,000
Aug 26, 2022	54.88	55.10	52.00	52.09	48.80	25,682,000
Aug 25, 2022	53.35	55.05	53.23	55.01	51.54	17,345,000
Aug 24, 2022	52.96	53.13	52.34	53.08	49.73	11,883,000
Aug 23, 2022	53.38	53.76	52.89	52.98	49.63	9,003,000
Aug 22, 2022	54.26	54.31	52.71	52.88	49.54	18,555,000
Aug 19, 2022	55.09	55.56	54.79	54.84	51.38	16,923,000
Aug 18, 2022	54.34	56.06	54.16	55.85	52.32	23,459,000
Aug 17, 2022	54.44	54.47	53.10	53.86	50.46	19,022,000
Aug 16, 2022	55.75	55.79	54.60	55.17	51.68	14,782,000
Aug 15, 2022	55.42	55.98	55.05	55.90	52.37	14,329,000
Aug 12, 2022	54.78	55.84	54.56	55.82	52.30	18,399,000
Aug 11, 2022	55.40	55.78	54.42	54.54	51.10	14,268,000
Aug 10, 2022	54.61	55.10	53.92	55.04	51.57	19,519,000
Aug 9, 2022	53.91	53.94	52.78	53.28	49.92	20,072,000
Aug 8, 2022	54.94	55.30	53.87	54.55	51.11	13,722,000
Aug 5, 2022	54.49	55.20	54.33	55.14	51.66	14,357,000
Aug 4, 2022	54.84	55.31	54.50	55.28	51.79	16,293,000
Aug 3, 2022	53.53	54.80	53.41	54.67	51.22	19,228,000
Aug 2, 2022	53.32	53.92	52.72	53.12	49.77	13,072,000
Aug 1, 2022	53.14	53.98	53.04	53.64	50.25	11,485,000
