Aug 28, 2026	467.58	474.74	452.90	456.24	456.24	3,941,200
Aug 27, 2026	466.68	472.50	459.13	472.26	472.26	4,642,600
Aug 26, 2026	449.58	469.40	449.58	463.82	463.82	4,459,600
Aug 25, 2026	442.89	457.99	441.70	451.50	451.50	3,895,600
Aug 24, 2026	438.21	451.57	424.00	433.19	433.19	4,337,900
Aug 21, 2026	439.35	444.43	429.45	442.08	442.08	3,687,700
Aug 20, 2026	439.24	443.73	432.00	434.78	434.78	3,633,000
Aug 19, 2026	467.96	471.75	427.54	437.55	437.55	7,087,900
Aug 18, 2026	466.98	489.98	458.50	468.65	468.65	5,530,200
Aug 17, 2026	496.65	496.86	469.05	479.81	479.81	5,273,700
Aug 14, 2026	496.00	500.76	488.65	490.81	490.81	3,992,900
Aug 13, 2026	499.68	514.00	487.12	494.51	494.51	8,064,000
Aug 12, 2026	459.28	484.74	455.00	484.50	484.50	6,243,900
Aug 11, 2026	449.13	452.46	431.01	440.97	440.97	4,796,100
Aug 10, 2026	458.58	474.99	451.50	457.88	457.88	4,986,600
Aug 7, 2026	444.95	455.88	416.30	453.77	453.77	5,208,400
Aug 6, 2026	450.55	455.87	426.00	437.65	437.65	6,094,400
Aug 5, 2026	466.60	485.70	459.19	462.70	462.70	6,984,200
Aug 4, 2026	449.28	476.90	443.83	467.27	467.27	7,583,200
Aug 3, 2026	397.68	432.36	390.11	429.02	429.02	4,838,300
Jul 31, 2026	419.00	431.43	400.25	405.37	405.37	4,853,900
Jul 30, 2026	384.89	413.00	383.00	404.81	404.81	6,193,700
Jul 29, 2026	388.50	394.96	364.17	369.64	369.64	6,349,100
Jul 28, 2026	401.26	404.00	358.88	392.10	392.10	9,448,700
Jul 27, 2026	435.49	447.88	411.87	426.91	426.91	4,960,400
Jul 24, 2026	438.94	451.48	432.26	437.50	437.50	4,604,100
Jul 23, 2026	438.00	454.77	434.10	439.34	439.34	5,118,500
Jul 22, 2026	414.34	451.36	413.77	441.80	441.80	7,215,000
Jul 21, 2026	0.63 Dividend 
Jul 21, 2026	394.50	407.98	393.94	404.15	404.15	5,277,300
Jul 20, 2026	400.29	403.20	381.05	381.88	381.25	4,725,800
Jul 17, 2026	376.85	407.15	368.15	396.34	395.69	7,290,800
Jul 16, 2026	404.49	413.83	391.16	391.38	390.73	6,441,800
Jul 15, 2026	459.45	461.20	391.12	412.68	412.00	12,957,600
Jul 14, 2026	441.90	463.48	441.51	457.54	456.79	7,198,300
Jul 13, 2026	432.45	436.70	418.53	427.11	426.41	4,661,700
Jul 10, 2026	449.11	452.80	433.24	434.97	434.25	5,146,800
Jul 9, 2026	443.83	460.50	434.15	450.22	449.48	7,928,000
Jul 8, 2026	422.88	449.45	414.00	431.97	431.26	9,774,300
Jul 7, 2026	397.75	426.56	395.82	417.28	416.59	7,050,100
Jul 6, 2026	395.19	429.74	393.25	411.80	411.12	7,260,400
Jul 2, 2026	416.08	422.55	386.01	394.32	393.67	6,611,600
Jul 1, 2026	418.00	438.52	410.76	425.25	424.55	6,027,600
Jun 30, 2026	410.64	433.50	409.00	431.46	430.75	6,903,800
Jun 29, 2026	393.82	416.44	378.66	414.61	413.93	8,818,500
Jun 26, 2026	396.25	401.31	385.13	399.49	398.83	10,833,000
Jun 25, 2026	414.54	417.32	391.05	409.45	408.77	11,179,200
Jun 24, 2026	421.77	440.38	418.34	434.06	433.34	6,317,200
Jun 23, 2026	395.00	434.99	391.00	427.78	427.07	6,643,900
Jun 22, 2026	415.19	444.00	414.48	418.71	418.02	7,336,900
Jun 18, 2026	429.88	436.00	407.88	409.50	408.82	15,360,600
Jun 17, 2026	412.00	431.76	395.50	419.32	418.63	8,754,000
Jun 16, 2026	413.14	421.82	402.25	404.08	403.41	6,326,500
Jun 15, 2026	411.40	415.91	394.10	409.07	408.40	7,036,600
Jun 12, 2026	385.00	408.38	381.11	395.57	394.92	6,059,100
Jun 11, 2026	368.68	394.31	366.96	391.45	390.80	7,869,800
Jun 10, 2026	376.92	398.99	369.66	369.83	369.22	9,281,200
Jun 9, 2026	402.92	407.74	357.07	381.78	381.15	10,471,800
Jun 8, 2026	398.58	406.50	385.61	400.77	400.11	8,569,700
Jun 5, 2026	405.77	412.90	386.28	394.39	393.74	10,990,300
Jun 4, 2026	401.87	430.50	399.00	422.05	421.35	12,297,400
Jun 3, 2026	433.79	436.00	407.00	421.08	420.39	14,231,100
Jun 2, 2026	466.11	469.19	433.43	435.31	434.59	16,018,500
Jun 1, 2026	426.15	469.47	426.15	465.96	465.19	20,849,200
May 29, 2026	418.00	429.15	402.27	420.91	420.22	41,833,000
May 28, 2026	317.03	327.73	311.52	317.05	316.53	26,611,300
May 27, 2026	307.48	312.14	298.57	305.32	304.82	8,262,400
May 26, 2026	300.25	308.64	298.97	305.08	304.58	10,305,700
May 22, 2026	268.10	298.32	265.21	295.19	294.70	15,291,500
May 21, 2026	242.96	254.38	240.27	252.80	252.38	5,075,000
May 20, 2026	239.47	246.93	237.19	242.93	242.53	4,332,900
May 19, 2026	234.25	239.75	227.27	235.26	234.87	4,082,700
May 18, 2026	244.60	244.95	232.20	238.03	237.64	5,132,600
May 15, 2026	240.41	246.86	236.79	241.99	241.59	4,833,100
May 14, 2026	248.85	260.54	240.81	247.89	247.48	6,241,900
May 13, 2026	244.60	247.00	236.80	243.87	243.47	5,008,500
May 12, 2026	242.51	242.51	228.50	238.94	238.55	7,150,800
May 11, 2026	253.60	255.45	242.00	247.04	246.63	11,517,000
May 8, 2026	233.59	263.99	233.59	260.46	260.03	12,168,100
May 7, 2026	235.26	237.75	228.00	230.27	229.89	4,848,300
May 6, 2026	220.80	239.45	219.60	238.80	238.41	9,187,200
May 5, 2026	215.02	217.40	210.94	216.32	215.96	4,360,800
May 4, 2026	210.85	214.98	205.70	211.64	211.29	3,842,400
May 1, 2026	208.53	212.77	206.44	210.17	209.82	3,010,600
Apr 30, 2026	208.50	209.15	200.84	208.95	208.61	5,635,800
Apr 29, 2026	206.06	207.93	203.25	205.66	205.32	3,635,700
Apr 28, 2026	209.97	210.51	201.56	205.93	205.59	4,437,700
Apr 27, 2026	217.78	221.50	212.76	215.97	215.61	5,821,000
Apr 24, 2026	213.99	219.00	209.50	216.09	215.73	4,621,400
Apr 23, 2026	214.49	219.26	210.68	212.14	211.79	4,421,500
Apr 22, 2026	215.01	217.39	209.50	214.65	214.30	5,482,100
Apr 21, 2026	0.63 Dividend 
Apr 21, 2026	205.85	214.33	205.35	212.36	212.01	9,078,200
Apr 20, 2026	196.55	205.78	196.54	204.24	203.27	7,155,800
Apr 17, 2026	192.83	197.34	191.75	196.55	195.62	6,311,200
Apr 16, 2026	179.57	193.80	178.50	193.09	192.18	11,474,700
Apr 15, 2026	182.94	182.99	177.00	177.28	176.44	7,793,300
Apr 14, 2026	185.55	186.79	180.10	184.51	183.64	6,256,400
Apr 13, 2026	179.00	191.37	177.50	189.79	188.89	10,506,700
Apr 10, 2026	183.23	184.00	177.04	177.80	176.96	4,279,700
Apr 9, 2026	186.97	187.80	179.69	181.46	180.60	4,500,900
Apr 8, 2026	185.76	189.75	182.67	185.47	184.59	7,212,000
Apr 7, 2026	172.24	178.84	172.22	177.69	176.85	5,753,000
Apr 6, 2026	175.83	176.50	172.79	173.18	172.36	3,925,400
Apr 2, 2026	166.99	174.37	166.50	174.37	173.55	5,217,100
Apr 1, 2026	166.98	171.33	164.76	169.38	168.58	7,311,100
Mar 31, 2026	164.29	167.99	155.37	164.13	163.35	13,713,700
Mar 30, 2026	172.77	174.00	162.48	164.66	163.88	10,135,300
Mar 27, 2026	175.13	176.29	170.35	171.81	171.00	8,011,500
Mar 26, 2026	182.71	186.39	175.55	175.82	174.99	11,061,300
Mar 25, 2026	177.76	184.86	177.62	184.01	183.14	11,330,800
Mar 24, 2026	163.62	178.31	163.37	176.91	176.07	15,886,500
Mar 23, 2026	159.24	165.42	158.63	164.59	163.81	10,721,300
Mar 20, 2026	163.50	169.90	157.67	157.67	156.92	23,135,900
Mar 19, 2026	146.59	157.07	146.57	156.76	156.02	7,715,300
Mar 18, 2026	152.71	155.02	148.93	149.21	148.50	5,460,700
Mar 17, 2026	154.75	155.02	151.80	153.01	152.29	6,675,800
Mar 16, 2026	153.05	157.80	152.68	156.54	155.80	7,923,400
Mar 13, 2026	151.00	152.95	146.82	151.62	150.90	6,441,100
Mar 12, 2026	147.15	151.85	147.09	149.91	149.20	7,340,900
Mar 11, 2026	145.66	149.47	145.15	147.37	146.67	5,405,700
Mar 10, 2026	146.29	146.89	137.50	143.80	143.12	7,518,700
Mar 9, 2026	144.60	146.70	141.36	146.51	145.82	7,400,600
Mar 6, 2026	143.83	148.66	142.12	146.48	145.79	7,100,400
Mar 5, 2026	146.00	149.16	142.05	146.52	145.83	7,027,600
Mar 4, 2026	146.00	148.33	144.05	147.10	146.40	8,505,500
Mar 3, 2026	149.73	150.94	141.02	145.18	144.49	15,258,200
Mar 2, 2026	146.76	153.72	146.00	153.55	152.82	12,554,200
Feb 27, 2026	137.37	148.86	136.11	148.08	147.38	33,475,600
Feb 26, 2026	125.10	126.00	120.31	121.45	120.88	14,418,100
Feb 25, 2026	118.12	124.95	117.20	123.48	122.90	8,220,000
Feb 24, 2026	120.50	122.64	119.00	119.78	119.21	4,937,700
Feb 23, 2026	121.26	124.32	118.87	119.14	118.58	6,962,300
Feb 20, 2026	117.76	122.66	117.60	122.27	121.69	7,763,500
Feb 19, 2026	118.96	121.44	117.61	119.06	118.50	7,042,300
Feb 18, 2026	114.85	117.46	112.86	116.78	116.23	5,783,400
Feb 17, 2026	116.25	119.05	114.97	116.09	115.54	5,303,700
Feb 13, 2026	115.47	120.83	114.22	117.49	116.93	10,480,400
Feb 12, 2026	117.50	120.92	111.20	112.82	112.29	11,756,600
Feb 11, 2026	127.69	128.06	122.29	124.16	123.57	5,431,200
Feb 10, 2026	122.55	126.63	122.45	126.01	125.41	6,194,100
Feb 9, 2026	120.30	122.00	117.86	120.91	120.34	5,016,800
Feb 6, 2026	116.90	122.57	116.50	121.05	120.48	7,918,000
Feb 5, 2026	120.25	122.72	113.05	115.39	114.84	9,298,400
Feb 4, 2026	118.16	123.04	116.82	122.04	121.46	10,914,500
Feb 3, 2026	119.98	121.20	116.20	117.15	116.60	8,764,600
Feb 2, 2026	114.54	119.30	114.39	119.16	118.60	8,019,700
Jan 30, 2026	116.82	116.90	112.26	114.44	113.90	10,734,700
Jan 29, 2026	115.67	119.10	115.31	118.49	117.93	6,246,400
Jan 28, 2026	115.40	118.50	114.22	117.32	116.77	5,300,400
Jan 27, 2026	116.78	117.84	114.48	114.66	114.12	5,058,300
Jan 26, 2026	115.01	117.29	115.01	115.93	115.38	6,309,400
Jan 23, 2026	115.42	115.99	113.76	115.43	114.88	6,342,800
Jan 22, 2026	114.23	119.59	113.98	117.17	116.62	8,372,200
Jan 21, 2026	112.33	114.42	110.22	113.26	112.72	9,162,300
Jan 20, 2026	0.525 Dividend 
Jan 20, 2026	116.51	117.05	110.84	111.07	110.54	11,625,700
Jan 16, 2026	120.21	122.99	119.22	120.53	119.44	9,023,300
Jan 15, 2026	121.81	123.65	119.48	119.66	118.58	6,834,000
Jan 14, 2026	119.15	122.07	117.93	118.69	117.61	4,788,300
Jan 13, 2026	121.50	121.88	118.91	119.66	118.58	5,641,600
Jan 12, 2026	119.00	122.08	118.71	120.47	119.38	5,203,400
Jan 9, 2026	119.98	121.01	117.32	120.62	119.53	7,001,500
Jan 8, 2026	117.56	119.37	114.79	118.50	117.43	11,522,100
Jan 7, 2026	123.00	123.30	118.75	120.07	118.98	10,343,400
Jan 6, 2026	125.10	126.20	121.83	123.93	122.81	6,595,600
Jan 5, 2026	129.56	131.19	122.09	124.01	122.89	8,471,000
Jan 2, 2026	128.40	129.35	125.75	127.80	126.64	4,959,300
Dec 31, 2025	128.17	128.41	125.78	125.88	124.74	2,925,700
Dec 30, 2025	126.94	128.45	126.90	127.92	126.76	2,754,500
Dec 29, 2025	128.15	129.35	127.11	127.46	126.30	3,112,000
Dec 26, 2025	128.65	129.67	128.00	129.24	128.07	2,733,200
Dec 24, 2025	126.69	129.05	126.21	128.38	127.22	1,756,000
Dec 23, 2025	126.33	128.63	126.33	127.62	126.46	3,494,400
Dec 22, 2025	128.77	128.85	125.36	126.61	125.46	4,852,700
Dec 19, 2025	123.96	127.15	123.70	126.42	125.27	9,715,400
Dec 18, 2025	128.01	128.69	122.10	122.94	121.83	9,344,800
Dec 17, 2025	133.47	133.74	126.61	127.89	126.73	6,125,700
Dec 16, 2025	130.29	135.00	130.02	133.75	132.54	5,365,600
Dec 15, 2025	131.30	133.43	129.61	130.51	129.33	5,336,200
Dec 12, 2025	138.50	139.49	129.44	129.98	128.80	9,299,000
Dec 11, 2025	138.83	139.06	134.68	138.60	137.34	4,933,500
Dec 10, 2025	138.05	141.13	136.26	140.63	139.36	4,576,000
Dec 9, 2025	139.04	139.92	137.12	138.22	136.97	3,464,800
Dec 8, 2025	138.62	142.34	138.60	140.41	139.14	3,915,400
Dec 5, 2025	138.95	139.20	136.11	138.91	137.65	5,001,600
Dec 4, 2025	134.00	139.31	132.61	138.99	137.73	6,857,100
Dec 3, 2025	135.40	136.11	133.24	133.63	132.42	5,630,700
Dec 2, 2025	135.01	138.04	134.81	135.95	134.72	6,981,600
Dec 1, 2025	131.71	132.14	127.77	132.09	130.89	6,720,100
Nov 28, 2025	134.17	134.50	130.01	133.35	132.14	5,612,600
Nov 26, 2025	133.58	135.35	128.08	133.26	132.05	16,424,900
Nov 25, 2025	123.09	127.12	123.05	125.92	124.78	14,794,100
Nov 24, 2025	124.80	129.41	124.28	127.22	126.07	8,985,900
Nov 21, 2025	118.56	123.46	116.56	122.51	121.40	8,401,600
Nov 20, 2025	123.65	125.68	116.75	117.40	116.34	8,855,000
Nov 19, 2025	122.59	123.59	118.87	119.38	118.30	6,729,200
Nov 18, 2025	120.50	126.04	119.39	122.69	121.58	10,147,100
Nov 17, 2025	124.00	128.41	120.01	122.48	121.37	15,291,100
Nov 14, 2025	129.92	137.18	129.33	133.76	132.55	5,573,300
Nov 13, 2025	139.80	140.15	132.30	133.94	132.73	6,912,000
Nov 12, 2025	140.65	143.79	139.75	140.71	139.43	5,503,000
Nov 11, 2025	140.30	141.00	136.29	138.76	137.50	7,116,100
Nov 10, 2025	149.74	150.05	141.09	142.69	141.40	8,203,600
Nov 7, 2025	147.99	147.99	143.08	146.70	145.37	5,780,800
Nov 6, 2025	152.74	155.00	148.82	149.18	147.83	4,255,100
Nov 5, 2025	152.10	154.93	149.15	152.41	151.03	7,326,500
Nov 4, 2025	155.47	157.92	153.31	154.64	153.24	5,330,200
Nov 3, 2025	167.15	168.08	159.86	160.11	158.66	4,614,600
Oct 31, 2025	162.94	163.38	158.00	162.01	160.54	4,079,200
Oct 30, 2025	160.89	164.07	160.21	161.01	159.55	3,105,200
Oct 29, 2025	167.00	167.94	161.97	163.60	162.12	4,511,500
Oct 28, 2025	162.42	167.00	160.68	164.88	163.39	6,446,400
Oct 27, 2025	160.50	162.37	159.16	162.19	160.72	5,480,000
Oct 24, 2025	157.60	159.94	156.80	158.64	157.20	5,081,500
Oct 23, 2025	150.00	155.34	149.60	154.23	152.83	5,817,200
Oct 22, 2025	150.20	151.39	145.25	150.13	148.77	6,136,700
Oct 21, 2025	0.525 Dividend 
Oct 21, 2025	147.95	151.30	145.09	149.43	148.08	5,191,400
Oct 20, 2025	150.19	151.41	147.13	147.87	146.01	5,829,600
Oct 17, 2025	150.42	151.24	147.29	149.59	147.71	5,301,500
Oct 16, 2025	155.29	158.50	149.67	151.31	149.41	6,947,600
Oct 15, 2025	152.17	155.78	151.42	153.70	151.77	5,804,500
Oct 14, 2025	149.98	152.56	148.10	148.77	146.90	7,096,400
Oct 13, 2025	155.55	155.55	151.11	153.40	151.47	6,800,900
Oct 10, 2025	157.57	159.28	150.42	150.57	148.68	11,749,100
Oct 9, 2025	164.32	164.94	155.15	155.95	153.99	13,275,600
Oct 8, 2025	154.71	166.10	154.00	164.53	162.46	18,937,900
Oct 7, 2025	152.80	154.70	144.40	150.87	148.97	18,683,200
Oct 6, 2025	145.52	149.28	144.26	145.76	143.93	10,454,700
Oct 3, 2025	148.26	149.20	140.41	140.74	138.97	6,526,700
Oct 2, 2025	150.49	152.10	144.61	147.37	145.52	7,490,800
Oct 1, 2025	140.91	149.68	140.40	149.68	147.80	13,612,000
Sep 30, 2025	134.00	141.77	134.00	141.77	139.99	9,934,600
Sep 29, 2025	132.13	134.59	132.13	133.90	132.22	3,833,400
Sep 26, 2025	128.01	131.11	127.60	130.76	129.11	3,841,000
Sep 25, 2025	129.38	131.26	127.12	130.96	129.31	4,758,900
Sep 24, 2025	135.00	135.50	131.72	132.09	130.43	3,921,900
Sep 23, 2025	136.08	137.35	133.25	134.34	132.65	4,750,800
Sep 22, 2025	132.62	137.98	131.81	135.69	133.98	10,255,200
Sep 19, 2025	132.95	133.97	131.94	131.94	130.28	9,052,000
Sep 18, 2025	131.97	133.65	131.46	132.11	130.45	5,528,900
Sep 17, 2025	128.10	133.00	127.90	130.34	128.70	8,237,000
Sep 16, 2025	127.64	128.69	125.90	127.68	126.07	4,461,300
Sep 15, 2025	126.39	128.31	125.01	126.80	125.20	5,734,400
Sep 12, 2025	125.90	127.64	124.97	125.04	123.47	4,365,700
Sep 11, 2025	124.91	128.76	124.52	125.37	123.79	6,159,400
Sep 10, 2025	123.43	127.12	123.42	124.45	122.88	8,447,200
Sep 9, 2025	120.87	121.71	118.15	121.29	119.76	10,704,400
Sep 8, 2025	125.30	125.61	122.79	123.00	121.45	5,187,100
Sep 5, 2025	127.25	128.42	123.28	124.83	123.26	6,413,100
Sep 4, 2025	124.03	127.35	122.92	126.67	125.08	7,053,800
Sep 3, 2025	121.70	124.03	120.90	124.02	122.46	5,966,800
Sep 2, 2025	119.11	121.38	117.70	120.96	119.44	8,969,900
Aug 29, 2025	124.03	124.90	119.63	122.15	120.61	24,363,200
Aug 28, 2025	133.70	135.18	132.74	134.05	132.36	11,144,100
Aug 27, 2025	130.93	132.67	130.65	132.50	130.83	3,799,300
Aug 26, 2025	131.19	132.50	130.27	130.99	129.34	3,735,700
Aug 25, 2025	130.49	132.15	129.77	131.01	129.36	3,202,700
Aug 22, 2025	128.85	132.05	128.12	130.84	129.19	3,786,000
Aug 21, 2025	129.31	130.31	127.55	127.83	126.22	4,057,800
Aug 20, 2025	134.00	134.00	126.84	128.48	126.86	7,222,700
Aug 19, 2025	137.88	138.71	134.58	135.20	133.50	3,570,100
Aug 18, 2025	138.28	139.38	137.72	138.13	136.39	3,202,500
Aug 15, 2025	140.71	141.15	137.43	138.28	136.54	3,448,200
Aug 14, 2025	137.11	139.82	136.75	138.86	137.11	3,813,800
Aug 13, 2025	140.32	140.60	136.06	139.14	137.39	6,025,200
Aug 12, 2025	139.49	142.11	138.67	141.64	139.86	4,856,200
Aug 11, 2025	138.00	140.48	137.02	138.32	136.58	4,402,800
Aug 8, 2025	135.00	138.86	134.00	137.61	135.88	5,458,600
Aug 7, 2025	130.17	134.00	130.10	133.93	132.24	5,691,200
Aug 6, 2025	127.99	129.80	123.88	128.14	126.53	6,250,900
Aug 5, 2025	131.39	131.88	126.70	130.48	128.84	4,754,800
Aug 4, 2025	128.64	130.71	127.89	130.23	128.59	2,765,300
Aug 1, 2025	128.38	129.25	125.41	127.32	125.72	5,521,000
Jul 31, 2025	135.20	136.14	132.21	132.69	131.02	3,876,200
Jul 30, 2025	133.43	135.19	132.60	133.54	131.86	3,765,800
Jul 29, 2025	134.91	136.02	132.52	133.51	131.83	4,013,200
Jul 28, 2025	131.95	133.90	131.16	133.86	132.18	4,846,600
Jul 25, 2025	127.96	131.83	127.71	131.22	129.57	4,301,000
Jul 24, 2025	127.61	129.47	127.15	128.35	126.74	3,785,000
Jul 23, 2025	125.54	127.90	125.28	127.22	125.62	4,175,700
Jul 22, 2025	0.525 Dividend 
Jul 22, 2025	128.00	128.07	123.18	124.33	122.77	6,278,000
Jul 21, 2025	130.62	130.98	128.59	128.96	126.82	5,560,200
Jul 18, 2025	125.28	131.99	124.83	131.24	129.06	11,025,200
Jul 17, 2025	123.73	124.44	121.87	123.88	121.82	3,763,700
Jul 16, 2025	125.50	125.50	120.66	123.57	121.52	5,955,900
Jul 15, 2025	127.18	128.61	125.01	125.69	123.60	4,041,700
Jul 14, 2025	126.20	126.50	123.78	125.67	123.58	3,626,900
Jul 11, 2025	127.57	127.63	125.70	126.83	124.72	3,560,200
Jul 10, 2025	127.00	128.32	126.34	127.91	125.79	5,368,800
Jul 9, 2025	124.59	127.00	124.54	126.63	124.53	3,966,200
Jul 8, 2025	126.12	126.75	122.29	124.39	122.32	3,317,300
Jul 7, 2025	125.07	127.03	123.78	124.77	122.70	4,070,200
Jul 3, 2025	124.19	126.18	123.69	125.22	123.14	3,725,600
Jul 2, 2025	121.36	124.32	120.11	123.48	121.43	3,937,800
Jul 1, 2025	122.06	123.16	120.11	121.73	119.71	4,105,000
Jun 30, 2025	124.16	124.49	122.13	122.60	120.56	5,427,000
Jun 27, 2025	123.78	125.06	122.52	123.99	121.93	7,362,000
Jun 26, 2025	122.70	127.15	122.27	125.98	123.89	9,434,800
Jun 25, 2025	120.81	122.30	120.25	120.46	118.46	3,977,600
Jun 24, 2025	119.80	121.83	119.16	120.59	118.59	5,034,500
Jun 23, 2025	118.85	119.38	115.96	118.02	116.06	5,987,400
Jun 20, 2025	118.32	119.75	117.62	119.37	117.39	9,568,400
Jun 18, 2025	115.61	118.82	115.55	116.56	114.62	4,671,200
Jun 17, 2025	112.79	117.71	112.68	115.93	114.01	5,968,200
Jun 16, 2025	111.24	114.37	111.00	113.74	111.85	5,292,300
Jun 13, 2025	111.35	111.75	109.17	109.56	107.74	5,137,500
Jun 12, 2025	112.02	113.52	110.57	113.40	111.52	5,597,700
Jun 11, 2025	114.40	114.45	110.91	111.24	109.39	5,436,500
Jun 10, 2025	114.80	115.05	111.76	113.25	111.37	8,661,400
Jun 9, 2025	114.51	116.63	114.21	114.22	112.32	5,123,700
Jun 6, 2025	112.83	115.24	112.83	113.75	111.86	4,037,500
Jun 5, 2025	113.00	114.22	111.18	111.82	109.96	5,435,000
Jun 4, 2025	112.87	114.25	111.30	112.70	110.83	4,536,200
Jun 3, 2025	108.50	112.44	108.01	111.90	110.04	6,643,900
Jun 2, 2025	110.99	111.67	106.38	108.08	106.29	9,027,600
May 30, 2025	112.48	116.97	109.20	111.27	109.42	19,208,000
May 29, 2025	115.19	115.46	111.30	113.63	111.74	14,396,000
May 28, 2025	114.15	115.29	113.31	113.77	111.88	4,618,400
May 27, 2025	114.48	115.05	113.19	113.99	112.10	5,512,100
May 23, 2025	109.67	112.69	108.81	112.11	110.25	3,916,900
May 22, 2025	112.40	112.98	110.66	111.95	110.09	4,013,700
May 21, 2025	113.54	116.13	111.56	111.93	110.07	5,859,900
May 20, 2025	113.96	115.50	113.19	114.23	112.33	4,150,600
May 19, 2025	111.42	115.07	111.42	114.28	112.38	4,594,700
May 16, 2025	111.50	114.60	111.09	114.19	112.29	5,466,600
May 15, 2025	108.95	111.51	108.57	110.87	109.03	4,488,800
May 14, 2025	109.50	111.75	109.50	111.02	109.18	7,639,100
May 13, 2025	103.89	108.50	103.89	107.85	106.06	7,063,500
May 12, 2025	101.00	104.08	101.00	103.42	101.70	7,927,700
May 9, 2025	97.45	97.94	95.64	95.91	94.32	4,367,400
May 8, 2025	97.44	97.48	95.68	96.22	94.62	4,575,900
May 7, 2025	93.86	96.04	92.88	95.79	94.20	5,211,600
May 6, 2025	92.66	94.73	92.53	93.95	92.39	5,015,400
May 5, 2025	93.90	95.64	93.53	94.36	92.79	4,938,000
May 2, 2025	94.23	95.84	93.84	94.59	93.02	5,970,500
May 1, 2025	93.57	95.20	91.79	91.95	90.42	6,333,100
Apr 30, 2025	86.82	92.09	86.76	91.76	90.24	9,891,200
Apr 29, 2025	93.66	94.56	93.11	93.78	92.22	4,474,000
Apr 28, 2025	94.57	95.64	93.11	94.47	92.90	3,920,200
Apr 25, 2025	94.46	95.45	93.94	94.89	93.31	4,466,700
Apr 24, 2025	89.88	94.68	89.44	94.40	92.83	6,367,200
Apr 23, 2025	89.08	91.89	88.59	89.16	87.68	8,413,100
Apr 22, 2025	0.525 Dividend 
Apr 22, 2025	82.90	85.39	82.46	84.08	82.68	4,471,600
Apr 21, 2025	83.38	84.36	80.74	82.39	80.51	5,595,300
Apr 17, 2025	83.88	85.42	82.90	84.80	82.86	6,238,300
Apr 16, 2025	82.81	85.30	81.68	83.36	81.45	5,842,300
Apr 15, 2025	84.62	86.90	84.32	85.49	83.53	5,728,800
Apr 14, 2025	89.29	89.29	84.01	85.19	83.24	12,355,200
Apr 11, 2025	78.60	82.92	77.96	81.93	80.06	8,667,600
Apr 10, 2025	80.20	81.03	75.94	78.94	77.13	11,279,300
Apr 9, 2025	72.56	85.47	71.12	84.19	82.26	18,160,000
Apr 8, 2025	77.50	79.46	71.00	72.59	70.93	12,924,100
Apr 7, 2025	68.00	77.30	66.25	75.00	73.28	15,538,400
Apr 4, 2025	74.66	74.94	69.42	71.63	69.99	17,449,100
Apr 3, 2025	85.75	86.21	76.72	77.23	75.46	30,868,500
Apr 2, 2025	89.97	95.72	89.83	95.33	93.15	6,245,800
Apr 1, 2025	91.28	92.80	89.71	91.96	89.86	5,716,700
Mar 31, 2025	89.27	91.21	88.40	91.15	89.07	7,286,200
Mar 28, 2025	94.38	95.56	91.51	92.29	90.18	7,225,200
Mar 27, 2025	95.02	98.37	93.60	97.10	94.88	7,537,800
Mar 26, 2025	98.74	100.55	95.60	96.26	94.06	5,795,800
Mar 25, 2025	100.31	101.30	98.51	98.86	96.60	4,807,300
Mar 24, 2025	100.00	101.52	99.29	99.81	97.53	6,491,800
Mar 21, 2025	98.08	98.42	96.40	97.57	95.34	8,911,100
Mar 20, 2025	97.96	101.42	97.90	98.92	96.66	4,924,500
Mar 19, 2025	97.00	100.43	96.85	98.72	96.46	5,460,100
Mar 18, 2025	96.92	97.20	94.77	96.44	94.23	5,792,000
Mar 17, 2025	97.53	98.82	96.66	97.66	95.43	5,283,200
Mar 14, 2025	94.60	97.30	94.40	95.67	93.48	5,933,400
Mar 13, 2025	93.95	94.86	91.55	92.45	90.34	4,543,400
Mar 12, 2025	94.66	95.98	93.17	94.58	92.42	7,873,000
Mar 11, 2025	90.54	92.87	90.08	91.57	89.48	6,282,300
Mar 10, 2025	89.00	91.77	88.69	90.34	88.27	8,384,900
Mar 7, 2025	91.72	92.66	88.33	91.46	89.37	10,162,100
Mar 6, 2025	94.25	95.86	92.92	93.02	90.89	8,560,500
Mar 5, 2025	94.65	97.88	93.21	97.25	95.03	6,059,400
Mar 4, 2025	93.00	96.85	92.41	94.07	91.92	12,789,400
Mar 3, 2025	103.64	103.77	94.51	95.56	93.37	13,096,800
Feb 28, 2025	100.96	103.90	99.00	102.76	100.41	20,366,200
Feb 27, 2025	117.00	117.45	107.43	107.83	105.36	15,737,200
Feb 26, 2025	111.80	117.28	111.80	115.65	113.01	8,631,500
Feb 25, 2025	113.50	114.11	109.66	110.65	108.12	6,582,100
Feb 24, 2025	116.11	116.36	111.03	114.14	111.53	7,327,800
Feb 21, 2025	120.85	121.29	117.29	117.60	114.91	5,662,300
Feb 20, 2025	120.50	121.21	116.77	119.89	117.15	5,480,400
Feb 19, 2025	118.81	122.26	118.25	120.96	118.19	6,728,600
Feb 18, 2025	116.51	120.92	116.26	120.34	117.59	13,510,000
Feb 14, 2025	111.04	117.16	109.71	114.38	111.76	16,971,700
Feb 13, 2025	111.09	111.75	108.74	110.26	107.74	6,806,200
Feb 12, 2025	110.05	114.00	110.00	112.92	110.34	5,423,700
Feb 11, 2025	110.24	112.07	109.85	111.44	108.89	4,397,100
Feb 10, 2025	107.35	112.81	107.35	112.31	109.74	9,084,100
Feb 7, 2025	107.52	109.35	105.97	106.37	103.94	7,997,300
Feb 6, 2025	104.97	107.25	104.73	105.92	103.50	5,017,400
Feb 5, 2025	102.58	105.70	101.19	104.45	102.06	7,901,800
Feb 4, 2025	100.24	102.46	99.81	101.67	99.34	7,241,400
Feb 3, 2025	99.38	101.01	98.37	100.09	97.80	12,114,300
Jan 31, 2025	106.33	107.24	103.53	103.60	101.23	6,077,200
Jan 30, 2025	103.31	105.96	103.30	105.35	102.94	7,952,700
Jan 29, 2025	102.00	103.86	101.47	103.10	100.74	8,362,600
Jan 28, 2025	104.13	104.13	100.50	101.29	98.97	15,042,700
Jan 27, 2025	106.61	107.73	100.04	103.84	101.47	17,922,300
Jan 24, 2025	114.81	116.79	112.77	113.73	111.13	5,500,000
Jan 23, 2025	112.70	114.70	111.96	114.22	111.61	5,864,100
Jan 22, 2025	0.445 Dividend 
Jan 22, 2025	116.85	120.97	114.94	115.12	112.49	12,846,400
Jan 21, 2025	110.43	112.38	107.91	111.55	108.56	8,636,000
Jan 17, 2025	111.75	111.76	109.54	109.64	106.71	6,344,500
Jan 16, 2025	109.00	111.36	108.42	110.11	107.16	6,073,500
Jan 15, 2025	112.00	112.00	108.04	109.23	106.31	9,106,100
Jan 14, 2025	111.30	111.81	107.20	109.06	106.14	8,366,200
Jan 13, 2025	110.01	110.56	106.69	110.17	107.22	11,518,100
Jan 10, 2025	117.92	117.99	114.59	114.77	111.70	8,213,400
Jan 8, 2025	119.98	120.61	117.75	119.31	116.12	5,137,700
Jan 7, 2025	125.58	125.77	120.95	121.27	118.02	6,081,900
Jan 6, 2025	121.81	125.01	121.21	124.66	121.32	8,361,800
Jan 3, 2025	117.39	120.82	117.37	119.91	116.70	5,601,000
Jan 2, 2025	115.26	117.46	113.53	116.53	113.41	4,580,900
Dec 31, 2024	115.33	116.09	114.16	115.24	112.16	3,874,700
Dec 30, 2024	115.31	115.92	112.62	114.82	111.75	5,517,900
Dec 27, 2024	118.37	118.89	116.51	117.33	114.19	4,881,900
Dec 26, 2024	118.42	119.88	118.23	119.28	116.09	2,743,100
Dec 24, 2024	119.00	119.42	118.18	118.94	115.76	2,077,400
Dec 23, 2024	116.52	119.14	116.26	118.82	115.64	5,324,200
Dec 20, 2024	110.17	116.46	110.17	115.77	112.67	12,228,200
Dec 19, 2024	114.23	115.51	111.28	111.96	108.96	9,248,400
Dec 18, 2024	119.53	119.99	111.93	112.67	109.65	7,336,900
Dec 17, 2024	118.20	120.20	117.89	118.28	115.11	5,166,300
Dec 16, 2024	118.86	122.09	118.45	119.27	116.08	6,730,500
Dec 13, 2024	120.38	121.27	116.52	118.45	115.28	5,941,900
Dec 12, 2024	117.51	120.40	117.34	119.18	115.99	5,403,800
Dec 11, 2024	117.80	119.18	115.60	118.69	115.51	8,156,100
Dec 10, 2024	123.15	123.24	116.55	116.79	113.66	12,659,500
Dec 9, 2024	122.84	124.20	121.10	123.81	120.50	8,318,600
Dec 6, 2024	125.62	126.31	122.75	123.40	120.10	10,464,400
Dec 5, 2024	126.56	128.68	125.04	125.07	121.72	8,115,800
Dec 4, 2024	125.25	127.33	123.92	126.10	122.72	6,264,500
Dec 3, 2024	125.16	126.02	124.18	125.56	122.20	6,989,900
Dec 2, 2024	126.19	129.65	123.28	125.84	122.47	13,328,000
Nov 29, 2024	125.30	128.47	124.99	127.59	124.17	9,534,500
Nov 27, 2024	124.92	127.16	121.30	124.38	121.05	38,089,700
Nov 26, 2024	144.00	144.43	141.21	141.74	137.95	12,796,200
Nov 25, 2024	147.40	147.66	142.63	144.16	140.30	12,208,200
Nov 22, 2024	142.50	144.50	140.50	144.21	140.35	7,688,600
Nov 21, 2024	136.14	140.14	134.45	138.92	135.20	6,619,700
Nov 20, 2024	137.52	138.17	132.54	133.96	130.37	4,814,200
Nov 19, 2024	133.85	136.24	132.24	135.90	132.26	5,767,500
Nov 18, 2024	136.16	138.00	134.47	136.01	132.37	6,501,800
Nov 15, 2024	133.29	133.87	130.75	131.64	128.12	5,010,100
Nov 14, 2024	135.88	136.91	133.33	134.43	130.83	3,510,700
Nov 13, 2024	137.76	139.04	134.47	134.53	130.93	4,701,400
Nov 12, 2024	138.75	141.33	135.94	136.47	132.82	6,667,800
Nov 11, 2024	138.47	140.75	135.00	138.51	134.80	7,210,900
Nov 8, 2024	138.22	139.15	134.08	134.23	130.64	6,325,400
Nov 7, 2024	138.95	139.42	136.02	137.87	134.18	6,297,500
Nov 6, 2024	137.39	139.60	134.32	138.35	134.65	8,857,900
Nov 5, 2024	131.00	134.28	129.75	133.46	129.89	6,998,600
Nov 4, 2024	132.82	135.71	129.70	129.85	126.37	10,608,800
Nov 1, 2024	124.63	132.62	124.30	130.87	127.37	13,048,400
Oct 31, 2024	127.00	127.59	122.59	123.63	120.32	7,312,400
Oct 30, 2024	130.99	133.97	125.44	129.40	125.94	17,073,700
Oct 29, 2024	120.68	122.54	120.10	121.63	118.37	3,909,800
Oct 28, 2024	123.00	123.61	120.55	120.66	117.43	3,582,900
Oct 25, 2024	121.90	124.79	121.75	122.55	119.27	4,040,200
Oct 24, 2024	120.61	121.39	119.36	120.57	117.34	3,638,100
Oct 23, 2024	118.97	121.56	117.82	119.49	116.29	4,558,900
Oct 22, 2024	0.445 Dividend 
Oct 22, 2024	124.10	124.30	119.35	120.40	117.18	7,093,000
Oct 21, 2024	126.50	126.98	125.17	125.66	121.86	4,405,000
Oct 18, 2024	129.20	129.58	125.20	126.46	122.64	5,491,700
Oct 17, 2024	129.10	131.60	128.00	129.18	125.28	5,603,600
Oct 16, 2024	126.89	127.51	124.80	126.73	122.90	3,833,100
Oct 15, 2024	128.84	131.13	125.66	125.83	122.03	6,016,600
Oct 14, 2024	129.00	130.26	127.40	128.35	124.47	5,933,000
Oct 11, 2024	124.00	128.30	123.50	127.73	123.87	7,811,900
Oct 10, 2024	121.46	124.86	121.20	124.80	121.03	5,947,200
Oct 9, 2024	121.63	123.13	120.50	122.34	118.64	6,023,500
Oct 8, 2024	119.40	121.94	118.70	121.93	118.25	5,681,500
Oct 7, 2024	119.68	120.85	118.18	119.09	115.49	5,208,100
Oct 4, 2024	117.50	120.84	117.06	120.42	116.78	8,175,800
Oct 3, 2024	114.02	116.75	113.62	115.67	112.18	6,872,500
Oct 2, 2024	112.97	116.56	112.12	113.46	110.03	6,047,100
Oct 1, 2024	117.39	117.78	112.91	113.16	109.74	9,641,900
Sep 30, 2024	119.00	119.96	116.95	118.54	114.96	8,638,100
Sep 27, 2024	124.00	124.41	120.07	120.22	116.59	13,545,000
Sep 26, 2024	122.38	127.00	121.39	126.49	122.67	13,420,500
Sep 25, 2024	117.27	120.24	117.07	120.17	116.54	8,535,000
Sep 24, 2024	118.17	118.44	116.00	117.31	113.77	6,851,800
Sep 23, 2024	117.55	118.10	116.58	117.57	114.02	8,067,800
Sep 20, 2024	116.50	119.05	115.08	117.50	113.95	75,332,800
Sep 19, 2024	120.07	120.07	117.36	117.77	114.21	10,630,500
Sep 18, 2024	117.58	119.62	115.94	115.99	112.49	10,783,600
Sep 17, 2024	117.71	118.31	115.04	116.82	113.29	9,412,700
Sep 16, 2024	112.38	115.80	112.23	115.40	111.91	8,618,900
Sep 13, 2024	112.18	114.65	111.40	114.30	110.85	7,353,300
Sep 12, 2024	108.70	113.23	108.60	112.15	108.76	9,893,500
Sep 11, 2024	107.15	108.90	105.55	108.80	105.51	9,715,100
Sep 10, 2024	106.15	107.53	105.42	106.64	103.42	9,367,400
Sep 9, 2024	107.35	107.65	105.10	105.89	102.69	18,742,700
Sep 6, 2024	106.52	108.21	101.41	102.00	98.92	11,962,600
Sep 5, 2024	107.00	108.30	105.13	107.16	103.92	9,362,400
Sep 4, 2024	109.00	110.55	107.31	109.06	105.76	8,113,600
Sep 3, 2024	114.88	116.69	109.12	110.77	107.42	14,159,000
Aug 30, 2024	115.36	117.72	110.65	115.54	112.05	33,433,600
Aug 29, 2024	108.28	114.44	108.10	110.74	107.39	23,836,600
Aug 28, 2024	110.30	112.07	108.21	111.56	108.19	9,528,000
Aug 27, 2024	110.33	112.37	109.71	111.86	108.48	6,271,600
Aug 26, 2024	112.01	114.15	110.35	111.67	108.30	7,307,800
Aug 23, 2024	110.35	112.66	110.07	112.01	108.63	6,023,400
Aug 22, 2024	112.55	114.02	108.67	108.98	105.69	7,018,300
Aug 21, 2024	110.85	111.90	108.86	111.70	108.33	6,714,400
Aug 20, 2024	111.75	112.48	109.56	110.71	107.37	6,189,000
Aug 19, 2024	111.00	112.06	108.38	111.87	108.49	8,374,900
Aug 16, 2024	108.90	112.16	108.06	111.30	107.94	11,632,600
Aug 15, 2024	107.06	110.96	105.41	110.21	106.88	17,713,200
Aug 14, 2024	101.06	104.37	100.31	102.95	99.84	12,141,000
Aug 13, 2024	97.10	101.49	96.57	99.94	96.92	14,928,400
Aug 12, 2024	92.20	97.90	91.84	95.27	92.39	9,875,300
Aug 9, 2024	89.48	93.43	88.57	92.55	89.75	8,405,000
Aug 8, 2024	89.77	91.70	88.45	91.46	88.70	10,242,800
Aug 7, 2024	90.37	93.03	86.93	87.89	85.23	21,545,500
Aug 6, 2024	98.66	99.27	93.34	94.67	91.81	15,500,600
Aug 5, 2024	90.48	99.89	90.13	98.18	95.21	13,137,800
Aug 2, 2024	101.70	103.80	99.93	102.29	99.20	11,832,700
Aug 1, 2024	112.93	115.21	107.53	108.43	105.15	8,570,000
Jul 31, 2024	114.76	116.60	112.20	113.68	110.25	11,327,300
Jul 30, 2024	112.31	113.25	105.77	108.61	105.33	11,938,400
Jul 29, 2024	114.36	115.50	110.95	111.20	107.84	7,552,200
Jul 26, 2024	114.25	114.72	111.55	113.56	110.13	8,419,900
Jul 25, 2024	116.00	116.00	110.33	111.43	108.06	17,363,700
Jul 24, 2024	123.53	123.53	115.89	116.12	112.61	15,611,400
Jul 23, 2024	0.445 Dividend 
Jul 23, 2024	126.95	128.15	125.35	125.85	122.05	5,944,600
Jul 22, 2024	128.17	129.87	127.08	128.74	124.42	6,255,200
Jul 19, 2024	125.41	127.88	124.27	125.79	121.57	6,932,800
Jul 18, 2024	126.63	126.94	122.03	125.34	121.13	9,659,400
Jul 17, 2024	128.14	129.77	124.67	125.17	120.97	18,887,600
Jul 16, 2024	137.64	137.73	132.39	134.26	129.75	10,254,500
Jul 15, 2024	140.75	141.09	136.52	137.22	132.61	8,064,600
Jul 12, 2024	139.60	141.54	137.50	139.57	134.89	7,376,400
Jul 11, 2024	145.56	146.45	139.42	140.72	136.00	8,248,900
Jul 10, 2024	146.29	147.23	141.83	145.77	140.88	7,387,300
Jul 9, 2024	146.06	150.23	143.83	145.74	140.85	11,396,900
Jul 8, 2024	140.00	147.12	139.20	145.97	141.07	12,355,600
Jul 5, 2024	142.20	142.76	138.31	138.96	134.30	8,901,200
Jul 3, 2024	147.69	149.47	140.59	142.67	137.88	13,173,300
Jul 2, 2024	140.22	143.54	139.92	143.47	138.65	7,748,200
Jul 1, 2024	137.48	144.69	133.63	142.82	138.03	11,565,700
Jun 28, 2024	139.53	141.77	136.21	137.91	133.28	20,573,600
Jun 27, 2024	137.83	141.83	137.60	139.43	134.75	9,483,000
Jun 26, 2024	138.52	141.31	135.09	138.24	133.60	12,714,100
Jun 25, 2024	139.32	141.75	137.61	140.35	135.64	8,378,100
Jun 24, 2024	143.31	143.56	137.56	137.56	132.94	14,015,000
Jun 21, 2024	145.78	147.19	140.64	145.06	140.19	16,745,500
Jun 20, 2024	156.63	161.52	145.02	148.52	143.53	39,976,400
Jun 18, 2024	143.58	154.14	143.30	149.15	144.14	33,500,100
Jun 17, 2024	137.13	144.74	137.03	142.03	137.26	26,911,400
Jun 14, 2024	133.37	135.53	131.29	134.98	130.45	12,995,300
Jun 13, 2024	131.99	136.19	131.80	135.02	130.49	16,066,800
Jun 12, 2024	132.83	132.94	130.10	131.81	127.39	11,427,900
Jun 11, 2024	131.50	134.85	130.02	131.64	127.22	9,176,400
Jun 10, 2024	129.00	135.46	128.40	132.45	128.00	13,994,500
Jun 7, 2024	131.50	134.06	127.59	129.97	125.61	19,597,600
Jun 6, 2024	136.25	136.70	132.15	133.96	129.46	13,929,100
Jun 5, 2024	135.95	139.40	132.95	137.66	133.04	19,148,600
Jun 4, 2024	132.20	138.98	131.88	135.76	131.20	21,568,400
Jun 3, 2024	140.55	140.74	128.60	132.03	127.60	41,199,200
May 31, 2024	143.80	144.80	131.01	139.56	134.88	67,192,800
May 30, 2024	178.80	178.84	165.11	169.92	164.22	43,508,200
May 29, 2024	165.56	179.70	164.30	179.21	173.19	23,215,900
May 28, 2024	168.43	169.69	161.01	166.08	160.51	18,692,600
May 24, 2024	156.02	166.77	154.61	160.18	154.80	17,563,700
May 23, 2024	158.99	162.71	150.13	153.57	148.42	16,843,100
May 22, 2024	147.91	148.99	145.87	147.78	142.82	4,708,400
May 21, 2024	145.05	149.90	144.00	147.24	142.30	6,665,700
May 20, 2024	150.90	154.59	145.02	145.45	140.57	10,586,900
May 17, 2024	148.63	150.28	145.88	149.52	144.50	9,893,500
May 16, 2024	150.50	150.84	143.50	146.30	141.39	9,411,500
May 15, 2024	139.90	150.28	138.66	149.16	144.15	16,982,500
May 14, 2024	129.49	134.69	128.60	134.12	129.62	4,175,800
May 13, 2024	133.30	134.90	130.68	131.01	126.61	4,105,800
May 10, 2024	133.93	134.60	131.42	132.77	128.31	4,536,900
May 9, 2024	131.17	132.42	129.27	131.68	127.26	6,675,400
May 8, 2024	127.16	131.88	126.00	131.61	127.19	4,921,500
May 7, 2024	128.22	129.70	126.25	127.55	123.27	3,247,100
May 6, 2024	125.00	129.39	124.25	129.33	124.99	5,025,200
May 3, 2024	125.49	127.59	124.71	125.10	120.90	3,942,800
May 2, 2024	121.64	123.91	118.36	123.39	119.25	4,856,900
May 1, 2024	122.91	124.16	117.43	118.78	114.79	7,199,800
Apr 30, 2024	126.25	126.99	123.84	124.64	120.46	5,054,500
Apr 29, 2024	125.20	127.73	123.27	127.70	123.41	4,406,300
Apr 26, 2024	125.62	126.55	123.04	125.06	120.86	5,512,200
Apr 25, 2024	118.33	125.28	117.00	124.91	120.72	6,823,000
Apr 24, 2024	126.01	126.01	119.31	120.20	116.17	5,815,900
Apr 23, 2024	116.38	121.08	115.70	120.63	116.58	5,086,900
Apr 22, 2024	0.445 Dividend 
Apr 22, 2024	115.00	118.34	114.25	115.54	111.66	5,410,000
Apr 19, 2024	116.36	119.18	114.30	114.87	110.58	9,440,000
Apr 18, 2024	119.61	119.65	115.51	118.37	113.95	5,053,700
Apr 17, 2024	122.62	123.67	118.31	119.62	115.16	5,346,000
Apr 16, 2024	116.66	121.74	115.68	121.08	116.56	7,596,700
Apr 15, 2024	119.00	122.50	117.27	117.81	113.41	6,764,100
Apr 12, 2024	121.49	122.35	117.61	117.76	113.37	7,501,700
Apr 11, 2024	123.61	125.78	123.14	124.04	119.41	5,058,300
Apr 10, 2024	121.19	126.07	121.10	123.37	118.77	5,945,000
Apr 9, 2024	126.43	126.75	120.45	123.73	119.11	9,985,300
Apr 8, 2024	132.95	133.44	125.56	127.15	122.41	11,952,300
Apr 5, 2024	128.00	132.92	123.51	132.72	127.77	10,813,500
Apr 4, 2024	129.85	136.16	126.68	127.16	122.42	19,494,800
Apr 3, 2024	117.79	129.76	117.66	128.58	123.78	19,390,800
Apr 2, 2024	117.39	118.79	115.31	118.44	114.02	5,503,100
Apr 1, 2024	114.25	119.71	114.25	119.64	115.18	8,064,100
Mar 28, 2024	112.25	114.45	111.89	114.11	109.85	4,153,400
Mar 27, 2024	114.01	115.23	110.93	111.68	107.51	4,376,000
Mar 26, 2024	113.35	116.85	113.25	114.65	110.37	7,389,200
Mar 25, 2024	111.27	114.81	110.31	113.00	108.78	6,152,300
Mar 22, 2024	112.91	113.80	111.79	112.24	108.05	4,711,400
Mar 21, 2024	113.18	115.77	112.25	114.04	109.79	11,678,000
Mar 20, 2024	107.91	111.33	106.06	111.07	106.93	9,600,200
Mar 19, 2024	107.02	108.88	105.05	107.52	103.51	7,971,700
Mar 18, 2024	106.99	107.87	104.66	106.63	102.65	7,403,800
Mar 15, 2024	107.04	108.98	105.64	107.00	103.01	9,159,700
Mar 14, 2024	110.70	111.41	105.00	106.45	102.48	8,069,800
Mar 13, 2024	113.50	114.33	109.33	110.00	105.90	7,162,000
Mar 12, 2024	117.30	118.29	113.40	113.55	109.31	6,570,000
Mar 11, 2024	115.48	116.83	113.63	115.86	111.54	5,936,800
Mar 8, 2024	120.29	120.77	114.95	116.25	111.91	11,015,200
Mar 7, 2024	120.00	122.02	119.31	120.50	116.00	9,644,300
Mar 6, 2024	119.45	120.56	116.96	118.50	114.08	10,569,100
Mar 5, 2024	120.75	121.52	113.89	117.75	113.36	15,019,200
Mar 4, 2024	123.95	129.05	120.80	121.78	117.24	23,836,000
Mar 1, 2024	124.67	131.06	116.45	124.59	119.94	62,169,000
Feb 29, 2024	91.00	94.80	91.00	94.66	91.13	14,317,000
Feb 28, 2024	92.10	94.37	91.27	93.25	89.77	5,909,800
Feb 27, 2024	93.00	93.48	90.73	91.56	88.14	5,888,100
Feb 26, 2024	92.62	94.99	91.80	92.77	89.31	8,175,400
Feb 23, 2024	89.06	92.68	88.00	90.35	86.98	6,997,300
Feb 22, 2024	85.96	89.12	85.40	87.79	84.51	8,284,100
Feb 21, 2024	81.29	81.81	80.49	81.39	78.35	3,360,500
Feb 20, 2024	83.88	83.99	81.22	82.46	79.38	3,111,100
Feb 16, 2024	83.30	85.32	82.79	84.21	81.07	4,841,800
Feb 15, 2024	85.48	85.91	82.42	82.72	79.63	4,418,500
Feb 14, 2024	85.06	86.23	84.72	86.04	82.83	2,361,300
Feb 13, 2024	84.99	85.19	83.45	83.98	80.85	3,144,300
Feb 12, 2024	86.50	86.89	85.83	86.62	83.39	2,979,100
Feb 9, 2024	85.25	86.65	85.01	86.20	82.98	2,315,700
Feb 8, 2024	83.61	85.14	83.51	84.80	81.64	2,993,800
Feb 7, 2024	83.44	83.83	82.78	83.74	80.62	2,964,200
Feb 6, 2024	85.73	85.99	82.16	82.68	79.60	5,013,800
Feb 5, 2024	86.53	86.87	84.76	85.71	82.51	2,204,200
Feb 2, 2024	85.63	86.90	85.22	86.32	83.10	3,683,900
Feb 1, 2024	83.60	85.98	83.00	85.78	82.58	2,729,300
Jan 31, 2024	83.28	83.59	81.82	82.88	79.79	3,587,200
Jan 30, 2024	85.72	86.45	84.32	84.80	81.64	3,838,900
Jan 29, 2024	84.38	84.67	83.35	83.41	80.30	2,710,300
Jan 26, 2024	82.51	84.38	82.12	84.22	81.08	2,927,500
Jan 25, 2024	84.50	85.04	83.01	83.04	79.94	2,723,300
Jan 24, 2024	83.50	84.92	83.00	83.71	80.59	3,637,800
Jan 23, 2024	81.00	82.47	80.54	82.43	79.35	2,673,300
Jan 22, 2024	0.37 Dividend 
Jan 22, 2024	83.74	83.79	81.00	81.14	78.11	4,248,200
Jan 19, 2024	79.12	84.76	79.12	83.19	79.73	9,448,900
Jan 18, 2024	78.71	79.00	77.70	78.41	75.15	3,076,500
Jan 17, 2024	78.50	78.80	76.90	77.66	74.43	4,928,300
Jan 16, 2024	79.00	79.57	78.50	79.52	76.21	4,348,300
Jan 12, 2024	79.94	80.27	79.19	79.31	76.01	4,843,500
Jan 11, 2024	78.77	79.80	77.54	79.71	76.39	4,023,900
Jan 10, 2024	77.83	78.76	77.68	78.25	75.00	3,054,700
Jan 9, 2024	79.17	79.45	77.06	77.11	73.90	4,849,100
Jan 8, 2024	78.00	79.67	77.36	79.36	76.06	6,552,400
Jan 5, 2024	75.44	76.45	75.33	75.84	72.69	2,951,100
Jan 4, 2024	76.67	77.13	75.84	75.97	72.81	3,029,400
Jan 3, 2024	74.83	76.81	74.56	76.60	73.41	4,194,300
Jan 2, 2024	75.45	76.00	74.32	74.79	71.68	2,955,000
Dec 29, 2023	76.82	76.93	76.20	76.50	73.32	2,293,400
Dec 28, 2023	77.00	77.18	76.65	76.68	73.49	1,546,500
Dec 27, 2023	77.02	77.45	76.92	77.26	74.05	2,050,300
Dec 26, 2023	75.99	77.30	75.87	77.00	73.80	3,001,100
Dec 22, 2023	75.68	76.15	75.05	75.71	72.56	4,244,000
Dec 21, 2023	73.39	75.40	73.39	75.32	72.19	4,381,800
Dec 20, 2023	73.54	74.28	72.31	72.42	69.41	4,336,900
Dec 19, 2023	73.70	74.01	72.86	73.53	70.47	2,684,000
Dec 18, 2023	71.62	73.68	71.05	73.37	70.32	4,810,300
Dec 15, 2023	72.02	72.99	71.39	71.62	68.64	5,539,400
Dec 14, 2023	71.00	72.46	70.89	72.43	69.42	7,684,300
Dec 13, 2023	69.99	70.48	69.27	69.87	66.96	4,234,200
Dec 12, 2023	69.10	70.31	68.94	69.99	67.08	3,436,300
Dec 11, 2023	68.59	69.76	68.49	69.24	66.36	3,945,500
Dec 8, 2023	68.43	69.31	68.43	68.70	65.84	3,003,400
Dec 7, 2023	67.57	68.81	67.57	68.59	65.74	5,460,600
Dec 6, 2023	69.48	69.82	67.51	67.63	64.82	5,260,000
Dec 5, 2023	69.21	70.32	69.11	69.29	66.41	4,977,400
Dec 4, 2023	70.87	71.06	68.67	69.32	66.44	7,444,100
Dec 1, 2023	71.86	73.06	68.50	71.93	68.94	14,361,200
Nov 30, 2023	75.11	75.98	74.64	75.87	72.71	10,519,900
Nov 29, 2023	74.45	76.09	74.42	75.06	71.94	5,427,800
Nov 28, 2023	74.00	74.91	73.85	74.03	70.95	3,126,700
Nov 27, 2023	74.32	75.13	73.34	74.46	71.36	3,686,200
Nov 24, 2023	74.63	75.05	74.17	74.41	71.32	1,695,900
Nov 22, 2023	74.25	75.38	74.01	74.68	71.57	3,521,000
Nov 21, 2023	73.83	74.05	72.91	73.62	70.56	3,737,300
Nov 20, 2023	73.89	74.02	73.11	73.36	70.31	3,241,800
Nov 17, 2023	72.80	74.01	72.61	73.60	70.54	4,052,500
Nov 16, 2023	72.80	73.08	71.81	72.54	69.52	4,044,300
Nov 15, 2023	73.02	74.12	72.51	72.94	69.91	5,267,000
Nov 14, 2023	74.44	74.46	73.33	73.89	70.82	5,171,800
Nov 13, 2023	72.85	74.05	72.35	73.77	70.70	3,234,700
Nov 10, 2023	72.71	73.79	72.41	73.50	70.44	2,560,000
Nov 9, 2023	72.63	73.27	71.66	72.24	69.24	3,555,700
Nov 8, 2023	71.66	72.50	71.03	72.48	69.47	3,526,300
Nov 7, 2023	71.60	72.31	71.15	71.61	68.63	5,657,300
Nov 6, 2023	69.76	72.30	69.76	71.97	68.98	6,350,300
Nov 3, 2023	68.99	70.06	68.64	69.51	66.62	3,924,400
Nov 2, 2023	69.38	69.93	68.31	68.65	65.79	3,747,200
Nov 1, 2023	67.29	68.74	66.75	68.67	65.81	3,407,600
Oct 31, 2023	66.03	66.96	65.73	66.91	64.13	3,114,100
Oct 30, 2023	65.95	66.79	65.84	66.43	63.67	3,741,900
Oct 27, 2023	65.00	66.16	65.00	65.96	63.22	5,273,200
Oct 26, 2023	66.14	66.60	63.90	64.51	61.83	4,406,100
Oct 25, 2023	66.83	67.54	66.08	66.34	63.58	4,581,200
Oct 24, 2023	66.39	67.16	66.02	66.95	64.17	4,078,500
Oct 23, 2023	0.37 Dividend 
Oct 23, 2023	65.45	66.27	64.69	65.54	62.81	2,945,000
Oct 20, 2023	66.82	67.25	65.35	65.91	62.81	4,617,000
Oct 19, 2023	67.24	68.68	66.79	67.03	63.88	4,750,700
Oct 18, 2023	67.25	68.33	66.87	66.89	63.75	3,434,600
Oct 17, 2023	67.26	68.65	66.70	67.90	64.71	4,220,100
Oct 16, 2023	67.88	68.61	67.26	67.76	64.58	5,387,500
Oct 13, 2023	69.42	70.64	67.76	68.04	64.84	4,633,600
Oct 12, 2023	70.03	70.77	68.65	69.05	65.81	4,301,700
Oct 11, 2023	68.24	70.35	68.08	70.34	67.04	5,088,600
Oct 10, 2023	67.34	68.55	67.34	67.98	64.79	8,039,300
Oct 9, 2023	66.24	67.46	66.00	67.18	64.02	6,012,500
Oct 6, 2023	66.72	67.07	65.89	66.41	63.29	8,053,800
Oct 5, 2023	66.29	67.06	64.32	66.19	63.08	7,329,800
Oct 4, 2023	67.31	67.87	66.46	67.20	64.04	6,075,300
Oct 3, 2023	68.74	68.94	66.82	67.24	64.08	4,329,700
Oct 2, 2023	68.61	69.33	67.34	67.70	64.52	3,902,500
Sep 29, 2023	69.10	69.60	68.55	68.90	65.66	6,379,700
Sep 28, 2023	68.21	69.27	68.06	68.50	65.28	3,375,100
Sep 27, 2023	69.80	69.98	67.23	67.95	64.76	5,517,400
Sep 26, 2023	69.80	70.04	68.93	68.93	65.69	3,214,200
Sep 25, 2023	70.19	70.98	69.40	70.03	66.74	3,643,700
Sep 22, 2023	68.73	70.59	68.62	70.05	66.76	4,494,700
Sep 21, 2023	68.26	69.20	68.04	68.44	65.23	3,924,700
Sep 20, 2023	69.91	70.45	68.87	68.94	65.70	3,089,800
Sep 19, 2023	69.81	70.41	69.28	69.90	66.62	3,844,000
Sep 18, 2023	69.01	69.45	68.40	69.15	65.90	3,527,400
Sep 15, 2023	70.90	71.09	68.65	69.29	66.04	6,093,500
Sep 14, 2023	70.47	71.16	70.12	71.16	67.82	5,116,800
Sep 13, 2023	70.92	71.20	69.76	70.45	67.14	2,801,500
Sep 12, 2023	71.65	72.27	70.59	70.73	67.41	4,782,500
Sep 11, 2023	71.12	72.82	70.56	72.16	68.77	7,449,200
Sep 8, 2023	69.37	70.89	69.09	70.50	67.19	5,549,400
Sep 7, 2023	69.47	70.62	68.57	68.98	65.74	7,649,300
Sep 6, 2023	68.00	70.48	67.83	70.47	67.16	7,585,600
Sep 5, 2023	68.05	69.83	67.54	68.10	64.90	9,466,400
Sep 1, 2023	64.09	70.28	63.86	68.19	64.99	32,070,500
Aug 31, 2023	55.99	56.80	55.56	56.24	53.60	7,050,300
Aug 30, 2023	54.68	55.95	53.62	55.69	53.07	6,340,600
Aug 29, 2023	57.18	57.28	56.32	56.50	53.85	4,939,400
Aug 28, 2023	56.36	57.50	56.07	57.19	54.50	3,252,400
Aug 25, 2023	56.78	56.88	55.62	56.21	53.57	2,680,900
Aug 24, 2023	57.44	57.66	56.22	56.71	54.05	3,925,900
Aug 23, 2023	56.22	56.92	55.71	56.83	54.16	2,643,700
Aug 22, 2023	56.43	56.56	55.55	55.80	53.18	2,188,400
Aug 21, 2023	55.08	56.45	55.08	56.05	53.42	4,076,000
Aug 18, 2023	54.51	55.35	54.33	54.93	52.35	2,324,600
Aug 17, 2023	55.30	55.83	54.63	54.86	52.28	3,966,900
Aug 16, 2023	55.68	56.31	55.16	55.22	52.63	1,834,700
Aug 15, 2023	56.56	56.69	55.69	55.73	53.11	2,279,300
Aug 14, 2023	56.52	56.96	56.29	56.76	54.09	2,253,900
Aug 11, 2023	56.07	57.58	55.75	56.84	54.17	3,118,100
Aug 10, 2023	57.19	57.38	55.42	56.00	53.37	3,189,100
Aug 9, 2023	57.47	57.87	56.55	56.57	53.91	2,754,100
Aug 8, 2023	55.04	58.72	54.82	57.58	54.88	8,258,000
Aug 7, 2023	53.53	54.64	53.53	54.57	52.01	2,738,300
Aug 4, 2023	53.59	54.56	53.06	53.24	50.74	2,533,600
Aug 3, 2023	52.50	53.96	52.05	53.51	51.00	2,615,500
Aug 2, 2023	53.05	53.26	52.47	52.95	50.46	2,788,900
Aug 1, 2023	52.78	53.68	52.78	53.37	50.86	3,681,300
Jul 31, 2023	52.54	53.16	52.36	52.92	50.43	3,865,500
Jul 28, 2023	54.14	54.42	52.53	52.61	50.14	4,747,700
Jul 27, 2023	54.43	54.78	53.59	53.71	51.19	2,957,500
Jul 26, 2023	54.24	54.55	53.76	53.92	51.39	1,931,200
Jul 25, 2023	54.00	54.66	54.00	54.37	51.82	2,395,400
Jul 24, 2023	0.37 Dividend 
Jul 24, 2023	53.77	54.23	53.58	53.73	51.21	2,937,600
Jul 21, 2023	53.44	54.28	53.43	53.56	50.69	2,875,600
Jul 20, 2023	53.85	54.23	53.24	53.60	50.73	3,414,800
Jul 19, 2023	53.97	54.52	53.95	54.30	51.39	3,292,700
Jul 18, 2023	54.98	55.05	53.12	53.83	50.95	5,230,700
Jul 17, 2023	55.58	55.66	54.69	54.70	51.77	4,146,500
Jul 14, 2023	55.58	56.10	54.84	55.42	52.45	4,227,900
Jul 13, 2023	54.56	55.66	54.22	55.64	52.66	5,375,700
Jul 12, 2023	55.50	55.69	54.15	54.17	51.27	5,882,000
Jul 11, 2023	55.00	55.86	54.88	55.74	52.75	4,597,100
Jul 10, 2023	53.27	54.88	53.22	54.87	51.93	3,238,500
Jul 7, 2023	53.92	54.52	53.47	53.53	50.66	5,404,100
Jul 6, 2023	53.65	54.33	53.34	53.80	50.92	3,596,100
Jul 5, 2023	54.08	54.68	53.86	54.21	51.31	2,639,900
Jul 3, 2023	54.00	54.78	53.74	54.61	51.69	1,828,600
Jun 30, 2023	53.94	54.61	53.76	54.11	51.21	5,182,400
Jun 29, 2023	52.00	53.15	51.80	53.10	50.26	4,033,400
Jun 28, 2023	51.03	51.92	50.91	51.77	49.00	2,946,800
Jun 27, 2023	51.32	51.57	50.85	51.39	48.64	3,496,000
Jun 26, 2023	51.12	51.58	50.72	51.32	48.57	3,404,300
Jun 23, 2023	50.59	51.66	50.51	50.87	48.15	18,291,800
Jun 22, 2023	49.84	51.44	49.76	51.28	48.53	6,326,400
Jun 21, 2023	49.88	50.59	49.41	50.06	47.38	5,943,300
Jun 20, 2023	49.51	49.58	48.74	49.33	46.69	4,212,100
Jun 16, 2023	50.20	50.30	49.53	49.67	47.01	9,363,300
Jun 15, 2023	49.35	50.46	49.18	50.20	47.51	3,216,600
Jun 14, 2023	48.63	49.69	48.63	49.38	46.74	4,013,600
Jun 13, 2023	48.28	48.82	48.25	48.80	46.19	2,805,600
Jun 12, 2023	47.72	48.12	47.62	48.07	45.50	3,596,800
Jun 9, 2023	48.09	48.67	47.59	47.61	45.06	3,293,500
Jun 8, 2023	47.99	48.10	47.20	47.89	45.33	3,976,100
Jun 7, 2023	46.86	47.78	46.77	47.66	45.11	4,096,000
Jun 6, 2023	45.38	47.08	45.16	46.85	44.34	5,466,200
Jun 5, 2023	47.26	47.58	45.30	45.48	43.04	5,765,700
Jun 2, 2023	45.50	47.84	45.37	47.27	44.74	7,914,700
Jun 1, 2023	45.01	47.50	44.71	45.46	43.03	14,458,300
May 31, 2023	45.98	46.17	44.45	44.81	42.41	9,937,400
May 30, 2023	48.79	49.10	47.17	47.32	44.79	5,464,400
May 26, 2023	48.15	48.55	47.48	48.51	45.91	4,296,700
May 25, 2023	46.80	48.32	46.56	48.08	45.51	4,081,700
May 24, 2023	46.06	46.06	45.25	45.91	43.45	3,230,700
May 23, 2023	47.34	47.60	46.34	46.35	43.87	4,141,100
May 22, 2023	46.75	47.94	46.37	47.54	44.99	3,805,600
May 19, 2023	47.36	48.19	47.36	47.75	45.19	5,111,000
May 18, 2023	45.77	47.31	45.65	47.12	44.60	3,923,300
May 17, 2023	45.80	46.17	45.24	45.85	43.39	2,404,600
May 16, 2023	44.84	46.13	44.68	45.38	42.95	3,910,100
May 15, 2023	44.80	45.00	44.45	44.93	42.52	2,996,400
May 12, 2023	44.72	44.80	44.19	44.76	42.36	2,397,200
May 11, 2023	45.62	45.71	44.48	44.70	42.31	3,737,500
May 10, 2023	46.42	46.56	45.45	45.83	43.38	3,062,200
May 9, 2023	46.09	46.22	45.27	45.98	43.52	3,220,600
May 8, 2023	45.52	46.19	45.17	46.02	43.56	3,888,000
May 5, 2023	44.74	45.80	44.61	45.39	42.96	3,699,600
May 4, 2023	45.03	45.15	44.09	44.18	41.81	3,549,600
May 3, 2023	45.05	45.75	44.80	45.16	42.74	5,124,900
May 2, 2023	45.01	45.65	43.88	44.76	42.36	6,777,900
May 1, 2023	43.49	44.11	43.39	43.82	41.47	4,516,200
Apr 28, 2023	42.90	43.64	42.82	43.49	41.16	3,792,400
Apr 27, 2023	41.83	42.81	41.79	42.80	40.51	2,988,500
Apr 26, 2023	41.75	42.19	41.47	41.67	39.44	2,501,400
Apr 25, 2023	42.60	42.67	41.70	41.71	39.48	2,396,000
Apr 24, 2023	0.37 Dividend 
Apr 24, 2023	42.70	42.87	42.37	42.68	40.39	2,814,400
Apr 21, 2023	42.73	43.14	42.52	43.11	40.45	4,904,900
Apr 20, 2023	43.41	43.57	42.75	42.92	40.27	4,489,200
Apr 19, 2023	44.47	45.31	43.82	43.83	41.13	7,267,000
Apr 18, 2023	44.24	45.65	44.20	45.50	42.69	9,277,600
Apr 17, 2023	42.75	44.00	42.71	43.93	41.22	6,329,400
Apr 14, 2023	42.74	43.73	42.69	43.28	40.61	7,116,900
Apr 13, 2023	41.96	42.77	41.76	42.65	40.02	4,411,800
Apr 12, 2023	41.80	41.99	41.15	41.87	39.29	3,519,200
Apr 11, 2023	41.42	41.95	41.40	41.60	39.03	2,897,800
Apr 10, 2023	39.90	41.44	39.90	41.43	38.87	3,470,200
Apr 6, 2023	40.59	40.79	40.23	40.23	37.75	2,186,500
Apr 5, 2023	40.73	41.13	40.34	40.80	38.28	3,046,600
Apr 4, 2023	41.24	41.35	40.49	40.87	38.35	3,749,300
Apr 3, 2023	40.14	41.15	40.06	40.97	38.44	4,756,200
Mar 31, 2023	39.94	40.39	39.94	40.21	37.73	3,915,700
Mar 30, 2023	39.47	39.95	39.44	39.86	37.40	4,139,600
Mar 29, 2023	38.90	39.24	38.64	39.12	36.71	3,746,600
Mar 28, 2023	37.88	38.32	37.56	38.31	35.95	3,981,900
Mar 27, 2023	37.79	38.16	37.63	37.99	35.65	3,018,900
Mar 24, 2023	37.63	37.68	36.81	37.38	35.07	4,260,900
Mar 23, 2023	38.32	38.61	37.38	37.82	35.49	3,216,000
Mar 22, 2023	39.22	39.48	38.05	38.08	35.73	3,286,300
Mar 21, 2023	39.00	39.35	38.74	39.15	36.74	3,619,400
Mar 20, 2023	37.59	38.84	37.49	38.55	36.17	5,994,100
Mar 17, 2023	37.86	38.19	36.88	37.22	34.92	13,488,400
Mar 16, 2023	36.52	38.11	36.45	38.05	35.70	5,951,500
Mar 15, 2023	36.92	38.13	36.85	37.51	35.20	5,072,600
Mar 14, 2023	37.49	38.30	37.16	37.55	35.23	4,433,900
Mar 13, 2023	36.17	36.82	35.96	36.57	34.31	5,580,600
Mar 10, 2023	37.67	37.74	36.28	36.72	34.46	3,661,900
Mar 9, 2023	38.58	38.92	37.72	37.80	35.47	2,730,900
Mar 8, 2023	38.20	38.80	38.03	38.77	36.38	3,009,800
Mar 7, 2023	39.12	39.53	37.99	38.00	35.66	4,813,000
Mar 6, 2023	40.26	40.31	39.07	39.07	36.66	5,330,200
Mar 3, 2023	39.06	40.99	38.82	39.79	37.34	7,775,700
Mar 2, 2023	40.20	40.25	38.90	40.17	37.69	9,033,100
Mar 1, 2023	40.84	40.95	39.97	40.44	37.95	7,083,400
Feb 28, 2023	40.86	41.68	40.51	40.64	38.13	7,672,500
Feb 27, 2023	42.13	42.19	40.87	41.00	38.47	5,148,200
Feb 24, 2023	41.32	41.80	41.11	41.61	39.04	3,712,800
Feb 23, 2023	42.20	42.43	41.44	42.03	39.44	3,414,200
Feb 22, 2023	42.06	42.26	41.60	41.81	39.23	2,240,600
Feb 21, 2023	41.91	42.44	41.69	41.89	39.31	3,973,200
Feb 17, 2023	42.59	42.97	42.32	42.48	39.86	2,728,400
Feb 16, 2023	42.47	43.72	42.34	42.72	40.09	2,960,900
Feb 15, 2023	42.55	43.05	42.47	42.80	40.16	2,139,900
Feb 14, 2023	43.25	43.80	42.93	43.03	40.38	2,277,200
Feb 13, 2023	42.81	43.82	42.64	43.40	40.72	3,705,100
Feb 10, 2023	41.88	43.25	41.72	42.72	40.09	3,964,200
Feb 9, 2023	42.60	42.97	41.92	42.04	39.45	2,878,400
Feb 8, 2023	41.68	42.24	41.57	41.84	39.26	2,643,200
Feb 7, 2023	40.86	42.20	40.80	41.99	39.40	3,268,800
Feb 6, 2023	42.18	42.18	40.31	40.96	38.43	4,299,200
Feb 3, 2023	41.96	42.78	41.70	42.24	39.63	2,936,700
Feb 2, 2023	41.50	43.08	41.49	42.42	39.80	4,623,200
Feb 1, 2023	40.50	41.44	40.34	41.23	38.69	3,476,500
Jan 31, 2023	39.95	40.62	39.50	40.62	38.11	2,562,500
Jan 30, 2023	39.96	40.41	39.84	40.01	37.54	2,444,000
Jan 27, 2023	40.70	41.17	40.30	40.31	37.82	2,677,300
Jan 26, 2023	40.95	41.05	40.22	40.99	38.46	1,645,300
Jan 25, 2023	40.00	40.78	39.78	40.52	38.02	2,705,600
Jan 24, 2023	0.33 Dividend 
Jan 24, 2023	40.20	41.07	40.11	40.59	38.09	1,903,000
Jan 23, 2023	40.76	41.62	40.59	41.04	38.20	2,745,200
Jan 20, 2023	39.85	40.29	39.40	40.26	37.47	2,907,900
Jan 19, 2023	39.42	39.86	39.03	39.46	36.73	3,341,700
Jan 18, 2023	40.27	40.50	39.69	40.02	37.25	2,757,400
Jan 17, 2023	40.13	40.19	39.45	40.03	37.26	2,691,600
Jan 13, 2023	39.36	40.21	38.99	40.18	37.40	3,383,600
Jan 12, 2023	40.52	40.71	39.78	39.93	37.17	4,410,100
Jan 11, 2023	42.08	42.20	39.68	40.77	37.95	5,620,300
Jan 10, 2023	42.08	42.63	41.82	42.49	39.55	2,780,300
Jan 9, 2023	42.70	43.10	42.19	42.28	39.35	2,966,400
Jan 6, 2023	41.17	42.59	40.82	42.42	39.48	3,179,700
Jan 5, 2023	40.75	41.10	40.28	40.87	38.04	2,483,700
Jan 4, 2023	41.39	41.60	40.58	40.94	38.11	2,790,000
Jan 3, 2023	40.56	40.98	39.97	40.90	38.07	2,679,200
Dec 30, 2022	39.49	40.22	39.38	40.22	37.44	1,582,400
Dec 29, 2022	39.11	39.92	39.00	39.82	37.06	1,582,800
Dec 28, 2022	39.38	39.50	38.60	38.76	36.08	1,822,900
Dec 27, 2022	39.22	39.59	38.93	39.41	36.68	1,832,500
Dec 23, 2022	39.20	39.28	38.63	39.12	36.41	1,466,400
Dec 22, 2022	38.46	39.15	38.02	39.14	36.43	2,285,900
Dec 21, 2022	39.15	39.55	39.03	39.12	36.41	2,863,900
Dec 20, 2022	38.75	39.14	38.67	38.95	36.25	1,893,400
Dec 19, 2022	39.34	39.42	38.64	39.00	36.30	2,648,600
Dec 16, 2022	38.96	39.45	38.71	39.25	36.53	4,645,900
Dec 15, 2022	40.91	40.91	39.29	39.38	36.65	4,463,300
Dec 14, 2022	42.59	42.90	41.50	41.68	38.79	3,367,900
Dec 13, 2022	44.32	44.35	42.59	42.85	39.88	2,816,400
Dec 12, 2022	41.64	42.88	41.38	42.87	39.90	3,319,500
Dec 9, 2022	41.89	42.52	41.76	41.83	38.93	1,835,200
Dec 8, 2022	42.05	42.45	41.72	42.23	39.31	3,438,600
Dec 7, 2022	42.04	42.27	41.49	41.92	39.02	2,906,000
Dec 6, 2022	43.01	43.15	42.07	42.47	39.53	2,844,600
Dec 5, 2022	43.89	44.07	42.95	43.07	40.09	2,304,100
Dec 2, 2022	44.28	44.73	43.93	44.54	41.46	2,518,000
Dec 1, 2022	45.00	45.36	44.37	44.90	41.79	2,331,400
Nov 30, 2022	43.45	44.81	42.75	44.79	41.69	6,805,600
Nov 29, 2022	43.65	43.94	43.40	43.52	40.51	3,448,800
Nov 28, 2022	44.20	44.30	43.56	43.58	40.56	2,959,900
Nov 25, 2022	44.50	45.07	44.42	44.63	41.54	2,034,700
Nov 23, 2022	43.85	45.33	43.54	44.61	41.52	4,938,500
Nov 22, 2022	41.73	43.96	40.40	43.85	40.81	12,566,200
Nov 21, 2022	41.56	41.71	39.90	41.07	38.23	7,317,500
Nov 18, 2022	41.84	42.14	41.37	42.04	39.13	3,992,300
Nov 17, 2022	40.67	41.91	40.35	41.76	38.87	2,382,100
Nov 16, 2022	41.98	41.98	41.05	41.18	38.33	2,679,800
Nov 15, 2022	43.20	43.43	42.18	42.35	39.42	2,967,200
Nov 14, 2022	41.67	42.93	41.67	42.25	39.33	2,918,200
Nov 11, 2022	41.71	43.07	41.56	42.68	39.73	2,524,200
Nov 10, 2022	41.03	41.73	40.49	41.72	38.83	3,582,200
Nov 9, 2022	39.89	40.30	39.22	39.33	36.61	2,106,400
Nov 8, 2022	40.17	41.05	40.05	40.42	37.62	2,523,800
Nov 7, 2022	39.09	39.99	38.94	39.87	37.11	2,497,900
Nov 4, 2022	38.26	39.33	38.12	39.00	36.30	2,816,400
Nov 3, 2022	37.16	37.83	37.02	37.35	34.76	2,385,300
Nov 2, 2022	39.01	39.31	37.66	37.67	35.06	2,865,600
Nov 1, 2022	38.94	39.25	38.07	39.15	36.44	2,227,300
Oct 31, 2022	38.68	38.90	38.29	38.40	35.74	2,578,800
Oct 28, 2022	37.97	39.39	37.97	39.16	36.45	3,062,300
Oct 27, 2022	38.10	38.45	37.49	37.76	35.15	3,395,800
Oct 26, 2022	37.32	38.22	37.19	37.79	35.17	2,339,600
Oct 25, 2022	37.21	37.97	37.09	37.74	35.13	2,434,300
Oct 24, 2022	37.03	37.51	36.65	37.28	34.70	2,346,600
Oct 21, 2022	35.36	36.98	35.26	36.85	34.30	2,964,700
Oct 20, 2022	34.52	35.73	34.52	34.86	32.45	2,122,100
Oct 19, 2022	34.03	34.99	33.90	34.49	32.10	2,225,700
Oct 18, 2022	0.33 Dividend 
Oct 18, 2022	34.85	35.20	34.01	34.56	32.17	2,468,800
Oct 17, 2022	34.44	35.17	34.09	34.47	31.78	3,412,400
Oct 14, 2022	35.07	35.24	34.02	34.26	31.58	2,288,100
Oct 13, 2022	33.07	35.26	32.90	34.99	32.26	3,036,300
Oct 12, 2022	33.76	34.12	33.58	33.77	31.13	2,873,300
Oct 11, 2022	34.40	34.74	33.74	33.87	31.22	3,090,600
Oct 10, 2022	34.91	35.04	33.69	34.48	31.79	3,266,600
Oct 7, 2022	36.05	36.49	34.54	34.60	31.90	5,615,000
Oct 6, 2022	37.91	38.32	37.38	37.48	34.55	2,757,500
Oct 5, 2022	36.95	38.12	36.76	37.86	34.90	2,512,400
Oct 4, 2022	36.58	37.49	36.52	37.46	34.53	2,670,300
Oct 3, 2022	34.52	36.14	34.20	35.88	33.08	4,119,700
Sep 30, 2022	34.33	34.96	34.09	34.17	31.50	3,041,500
Sep 29, 2022	34.68	34.93	33.81	34.19	31.52	4,703,500
Sep 28, 2022	34.51	35.40	34.51	35.29	32.53	2,908,400
Sep 27, 2022	35.31	35.68	34.55	34.72	32.01	3,306,600
Sep 26, 2022	35.07	35.66	34.63	34.70	31.99	3,611,400
Sep 23, 2022	35.66	36.16	34.80	35.52	32.74	2,881,200
Sep 22, 2022	36.55	36.88	36.20	36.28	33.45	2,568,400
Sep 21, 2022	37.18	37.81	36.76	36.78	33.91	2,533,300
Sep 20, 2022	37.39	37.47	36.72	36.95	34.06	2,601,800
Sep 19, 2022	37.38	37.99	37.17	37.82	34.86	2,780,400
Sep 16, 2022	37.20	38.13	36.93	37.96	34.99	5,918,500
Sep 15, 2022	37.82	38.12	37.29	37.65	34.71	3,472,000
Sep 14, 2022	38.47	38.65	37.80	38.13	35.15	3,267,800
Sep 13, 2022	39.27	39.50	38.14	38.30	35.31	3,918,700
Sep 12, 2022	40.00	40.76	40.00	40.30	37.15	2,611,400
Sep 9, 2022	38.87	39.94	38.87	39.79	36.68	3,104,800
Sep 8, 2022	37.61	38.51	37.44	38.50	35.49	3,894,700
Sep 7, 2022	37.17	38.15	36.74	37.98	35.01	3,571,500
Sep 6, 2022	37.81	37.85	36.79	37.29	34.38	3,994,600
Sep 2, 2022	38.30	38.47	37.46	37.79	34.84	3,422,400
Sep 1, 2022	37.93	38.03	37.10	37.65	34.71	4,298,400
Aug 31, 2022	39.16	39.62	38.18	38.29	35.30	6,819,900
Aug 30, 2022	40.84	41.34	39.69	39.69	36.59	4,619,700
Aug 29, 2022	40.91	42.37	40.52	40.59	37.42	6,315,200
Aug 26, 2022	45.86	45.86	41.18	41.43	38.19	12,423,800
Aug 25, 2022	47.39	48.01	47.15	47.90	44.16	3,798,400
Aug 24, 2022	46.81	47.23	46.19	46.62	42.98	1,981,400
Aug 23, 2022	46.60	47.82	46.60	46.94	43.27	2,737,700
Aug 22, 2022	46.98	47.22	46.55	46.84	43.18	2,883,200
Aug 19, 2022	48.17	48.28	47.33	47.67	43.95	2,123,000
Aug 18, 2022	48.46	49.04	47.81	48.94	45.12	2,147,200
Aug 17, 2022	48.28	48.28	47.18	47.83	44.09	2,086,900
Aug 16, 2022	48.31	49.24	48.16	48.59	44.79	2,257,200
Aug 15, 2022	48.05	48.70	47.98	48.30	44.53	2,258,300
Aug 12, 2022	47.90	48.29	47.65	48.22	44.45	1,987,300
Aug 11, 2022	47.41	48.49	47.32	47.60	43.88	2,342,400
Aug 10, 2022	46.00	47.24	45.89	47.23	43.54	1,967,200
Aug 9, 2022	45.32	45.42	44.57	45.09	41.57	2,767,400
Aug 8, 2022	45.64	46.44	45.20	45.45	41.90	2,821,200
Aug 5, 2022	43.86	45.44	43.80	45.41	41.86	3,221,300
Aug 4, 2022	44.49	44.49	43.55	44.20	40.75	3,152,100
Aug 3, 2022	44.21	44.87	43.43	44.45	40.98	3,057,300
Aug 2, 2022	45.00	45.24	44.12	44.26	40.80	2,242,000
Aug 1, 2022	44.77	45.74	44.59	45.42	41.87	1,807,400
