Aug 28, 2026	53.66	53.96	52.01	52.31	52.31	13,882,800
Aug 27, 2026	55.75	55.78	54.08	54.41	54.41	14,949,500
Aug 26, 2026	53.40	55.45	53.40	55.23	55.23	10,384,300
Aug 25, 2026	53.60	54.67	53.00	53.44	53.44	11,199,400
Aug 24, 2026	53.00	54.62	51.30	52.43	52.43	10,481,100
Aug 21, 2026	53.30	54.10	52.75	53.45	53.45	7,894,600
Aug 20, 2026	53.35	54.13	52.51	52.89	52.89	11,165,500
Aug 19, 2026	55.69	55.94	51.59	53.13	53.13	17,719,100
Aug 18, 2026	55.86	58.09	54.87	55.69	55.69	19,363,200
Aug 17, 2026	59.24	59.24	57.09	57.61	57.61	10,835,200
Aug 14, 2026	60.48	60.48	58.60	58.71	58.71	11,762,700
Aug 13, 2026	61.20	63.44	59.68	59.82	59.82	26,124,000
Aug 12, 2026	55.71	58.90	55.06	58.79	58.79	22,395,200
Aug 11, 2026	54.60	54.92	52.61	54.38	54.38	10,844,900
Aug 10, 2026	55.40	56.46	54.17	54.68	54.68	15,824,100
Aug 7, 2026	53.48	53.56	50.65	53.22	53.22	14,041,900
Aug 6, 2026	51.38	53.22	49.12	52.43	52.43	17,447,500
Aug 5, 2026	52.00	54.63	51.70	53.22	53.22	17,337,900
Aug 4, 2026	52.61	53.42	50.39	52.39	52.39	25,682,700
Aug 3, 2026	47.51	50.56	46.30	50.24	50.24	17,026,300
Jul 31, 2026	49.00	49.89	46.82	47.90	47.90	17,247,400
Jul 30, 2026	46.29	47.24	45.46	47.14	47.14	20,281,900
Jul 29, 2026	45.25	46.66	44.18	44.44	44.44	12,304,800
Jul 28, 2026	46.32	46.51	43.30	45.59	45.59	20,961,600
Jul 27, 2026	48.00	49.14	46.31	48.19	48.19	13,744,600
Jul 24, 2026	48.00	49.21	47.34	47.69	47.69	11,332,900
Jul 23, 2026	47.48	49.25	47.40	47.64	47.64	11,989,100
Jul 22, 2026	47.21	49.68	47.00	48.13	48.13	14,833,900
Jul 21, 2026	45.63	46.99	45.59	46.72	46.72	13,224,500
Jul 20, 2026	46.12	46.23	44.47	44.56	44.56	11,883,400
Jul 17, 2026	44.40	46.83	43.70	45.82	45.82	14,894,100
Jul 16, 2026	47.25	47.67	44.74	45.13	45.13	27,344,000
Jul 15, 2026	50.31	50.31	45.47	47.39	47.39	19,917,300
Jul 14, 2026	48.86	50.04	48.60	49.56	49.56	17,133,500
Jul 13, 2026	48.19	48.46	46.46	47.24	47.24	18,393,400
Jul 10, 2026	49.03	51.08	48.35	48.54	48.54	19,441,200
Jul 9, 2026	45.88	49.32	45.64	49.11	49.11	26,431,400
Jul 8, 2026	43.31	45.22	43.29	44.67	44.67	18,384,700
Jul 7, 2026	43.44	44.28	42.50	43.47	43.47	16,467,600
Jul 6, 2026	41.77	43.85	41.50	43.15	43.15	16,433,200
Jul 2, 2026	43.50	43.94	40.72	41.23	41.23	18,968,400
Jul 1, 2026	44.43	44.50	42.84	43.95	43.95	20,470,800
Jun 30, 2026	44.00	45.23	43.47	45.11	45.11	19,933,200
Jun 29, 2026	43.79	44.78	42.43	44.41	44.41	17,151,600
Jun 26, 2026	45.22	45.37	43.13	43.71	43.71	36,793,900
Jun 25, 2026	48.10	48.16	46.10	46.72	46.72	26,924,600
Jun 24, 2026	48.24	50.20	47.65	48.75	48.75	21,053,300
Jun 23, 2026	46.25	49.72	45.83	48.92	48.92	20,640,100
Jun 22, 2026	48.04	49.63	47.71	48.40	48.40	23,278,000
Jun 18, 2026	49.17	49.60	46.93	47.41	47.41	53,337,800
Jun 17, 2026	49.50	50.45	47.95	48.20	48.20	31,243,800
Jun 16, 2026	0.143 Dividend 
Jun 16, 2026	49.13	50.34	47.98	48.38	48.38	24,311,600
Jun 15, 2026	49.47	49.60	48.10	49.02	48.88	30,500,700
Jun 12, 2026	46.51	49.78	45.97	48.17	48.03	23,521,900
Jun 11, 2026	45.00	46.80	44.74	46.80	46.66	24,482,800
Jun 10, 2026	47.85	47.97	44.91	45.49	45.36	33,229,400
Jun 9, 2026	49.83	50.50	45.73	48.27	48.13	28,578,500
Jun 8, 2026	49.95	50.87	48.92	49.87	49.72	28,878,300
Jun 5, 2026	52.90	53.05	48.54	49.20	49.06	37,733,400
Jun 4, 2026	53.00	54.47	52.32	53.69	53.53	36,790,300
Jun 3, 2026	54.18	55.99	52.61	55.15	54.99	56,953,400
Jun 2, 2026	63.06	64.25	53.47	56.15	55.99	153,197,800
Jun 1, 2026	44.18	47.97	43.40	47.00	46.86	115,597,800
May 29, 2026	42.78	44.58	41.52	43.04	42.91	86,121,400
May 28, 2026	37.47	38.35	36.58	38.21	38.10	23,279,900
May 27, 2026	37.81	37.90	36.71	37.20	37.09	17,674,600
May 26, 2026	37.92	38.58	37.33	38.06	37.95	16,802,000
May 22, 2026	34.65	37.74	34.50	37.58	37.47	30,722,400
May 21, 2026	33.40	33.99	33.12	33.97	33.87	11,649,800
May 20, 2026	32.82	34.00	32.69	33.80	33.70	11,467,600
May 19, 2026	32.45	33.04	31.88	32.62	32.52	10,241,000
May 18, 2026	33.58	33.83	32.32	33.00	32.90	16,653,100
May 15, 2026	33.66	33.66	32.72	33.10	33.00	16,381,200
May 14, 2026	33.70	34.69	33.24	34.13	34.03	34,638,300
May 13, 2026	30.65	32.53	30.17	32.07	31.98	27,523,500
May 12, 2026	30.41	30.58	29.49	30.21	30.12	11,200,100
May 11, 2026	31.19	31.64	30.67	30.87	30.78	14,198,300
May 8, 2026	30.00	31.35	29.83	31.35	31.26	17,521,000
May 7, 2026	30.03	30.05	29.31	29.70	29.61	15,708,600
May 6, 2026	30.14	30.42	29.52	30.37	30.28	12,871,900
May 5, 2026	29.00	30.15	28.95	30.04	29.95	11,580,000
May 4, 2026	28.93	29.30	28.38	28.71	28.63	12,078,200
May 1, 2026	28.87	28.97	28.35	28.57	28.49	11,032,500
Apr 30, 2026	28.35	28.79	27.99	28.77	28.69	17,192,200
Apr 29, 2026	27.97	28.47	27.68	28.30	28.22	13,271,700
Apr 28, 2026	28.05	28.23	27.34	27.95	27.87	11,453,000
Apr 27, 2026	28.46	28.90	28.31	28.62	28.54	8,439,200
Apr 24, 2026	28.28	28.37	27.48	28.16	28.08	11,110,900
Apr 23, 2026	28.52	28.52	27.41	27.93	27.85	11,628,400
Apr 22, 2026	28.88	29.09	28.42	28.51	28.43	12,695,100
Apr 21, 2026	27.97	29.63	27.96	28.76	28.68	22,871,800
Apr 20, 2026	26.45	27.91	26.34	27.81	27.73	20,616,500
Apr 17, 2026	26.10	26.56	25.90	26.44	26.36	17,927,100
Apr 16, 2026	24.90	25.91	24.68	25.89	25.81	15,605,900
Apr 15, 2026	24.42	24.72	24.25	24.62	24.55	9,348,500
Apr 14, 2026	24.76	24.79	24.01	24.47	24.40	13,036,400
Apr 13, 2026	24.49	25.25	23.86	24.81	24.74	19,954,400
Apr 10, 2026	25.01	25.29	24.31	24.89	24.82	12,573,400
Apr 9, 2026	24.95	25.11	24.50	24.83	24.76	13,260,000
Apr 8, 2026	25.35	25.70	24.58	24.98	24.91	19,230,900
Apr 7, 2026	24.47	24.72	24.17	24.63	24.56	10,196,000
Apr 6, 2026	24.74	25.16	24.26	24.58	24.51	10,819,200
Apr 2, 2026	23.58	24.77	23.54	24.61	24.54	11,102,200
Apr 1, 2026	24.15	24.43	23.77	23.98	23.91	12,283,500
Mar 31, 2026	23.08	23.85	22.62	23.81	23.74	20,443,100
Mar 30, 2026	23.88	24.18	22.30	22.61	22.54	24,829,600
Mar 27, 2026	24.87	24.92	23.86	23.94	23.87	23,974,400
Mar 26, 2026	25.58	25.98	24.92	25.07	25.00	24,536,600
Mar 25, 2026	24.39	26.42	24.09	25.78	25.70	51,915,700
Mar 24, 2026	0.143 Dividend 
Mar 24, 2026	22.18	23.91	22.02	23.90	23.83	28,241,800
Mar 23, 2026	22.05	22.52	21.81	22.32	22.11	16,638,800
Mar 20, 2026	22.43	22.57	21.47	21.69	21.49	24,417,900
Mar 19, 2026	21.23	22.17	21.16	22.12	21.91	10,302,300
Mar 18, 2026	21.71	22.00	21.44	21.53	21.33	10,572,700
Mar 17, 2026	21.94	22.27	21.62	21.67	21.47	16,696,700
Mar 16, 2026	21.90	22.11	21.65	21.85	21.65	16,518,800
Mar 13, 2026	21.88	21.98	21.36	21.58	21.38	14,179,100
Mar 12, 2026	21.15	21.74	21.15	21.58	21.38	21,180,600
Mar 11, 2026	21.27	21.91	21.19	21.43	21.23	23,240,200
Mar 10, 2026	22.02	22.14	21.02	21.10	20.90	36,131,400
Mar 9, 2026	20.64	21.85	20.60	21.81	21.61	34,704,400
Mar 6, 2026	21.08	21.51	20.84	21.13	20.93	16,611,800
Mar 5, 2026	21.50	21.89	21.20	21.47	21.27	12,822,200
Mar 4, 2026	21.80	21.99	21.53	21.55	21.35	10,252,800
Mar 3, 2026	21.70	21.84	20.85	21.64	21.44	18,494,400
Mar 2, 2026	21.19	22.16	21.08	22.13	21.92	15,744,500
Feb 27, 2026	21.04	21.80	20.96	21.47	21.27	30,874,100
Feb 26, 2026	20.87	21.02	20.43	20.84	20.65	16,599,100
Feb 25, 2026	20.28	20.75	20.24	20.63	20.44	13,677,700
Feb 24, 2026	20.03	20.39	19.84	20.25	20.06	12,215,100
Feb 23, 2026	21.23	21.31	19.97	20.00	19.81	14,414,700
Feb 20, 2026	21.28	21.93	21.26	21.37	21.17	12,602,300
Feb 19, 2026	21.59	21.83	21.10	21.39	21.19	12,195,200
Feb 18, 2026	21.78	22.02	21.47	21.55	21.35	17,104,600
Feb 17, 2026	22.28	22.60	21.91	21.97	21.77	13,720,900
Feb 13, 2026	22.23	23.00	22.03	22.69	22.48	16,791,300
Feb 12, 2026	23.17	23.33	21.85	22.20	21.99	30,321,300
Feb 11, 2026	24.23	24.38	23.29	23.81	23.59	15,772,900
Feb 10, 2026	24.01	24.25	23.91	23.97	23.75	12,868,400
Feb 9, 2026	23.41	24.07	23.30	23.91	23.69	14,122,000
Feb 6, 2026	23.08	23.80	22.98	23.61	23.39	15,011,600
Feb 5, 2026	22.92	23.10	22.17	22.71	22.50	23,404,300
Feb 4, 2026	21.78	23.29	21.73	23.24	23.02	29,903,000
Feb 3, 2026	22.19	22.49	21.67	21.78	21.58	20,537,400
Feb 2, 2026	21.41	22.08	21.35	22.01	21.81	16,061,700
Jan 30, 2026	21.63	21.81	21.26	21.52	21.32	19,367,800
Jan 29, 2026	21.82	22.01	21.35	22.01	21.81	15,125,000
Jan 28, 2026	21.75	21.92	21.53	21.71	21.51	16,653,000
Jan 27, 2026	21.60	21.84	21.43	21.60	21.40	10,058,800
Jan 26, 2026	21.07	21.42	21.02	21.37	21.17	10,641,900
Jan 23, 2026	21.31	21.31	20.97	21.05	20.85	9,391,800
Jan 22, 2026	21.30	21.93	21.30	21.36	21.16	14,748,500
Jan 21, 2026	20.53	21.10	20.37	21.02	20.82	20,480,300
Jan 20, 2026	20.99	21.11	20.08	20.39	20.20	26,347,300
Jan 16, 2026	22.00	22.00	21.42	21.44	21.24	15,541,600
Jan 15, 2026	22.42	22.55	21.94	21.95	21.75	14,910,500
Jan 14, 2026	22.18	22.58	21.89	22.09	21.88	14,093,700
Jan 13, 2026	22.50	22.72	22.23	22.29	22.08	11,503,000
Jan 12, 2026	21.96	22.40	21.87	22.10	21.89	14,571,600
Jan 9, 2026	22.10	22.39	21.76	22.17	21.96	25,301,900
Jan 8, 2026	22.30	22.33	21.81	22.02	21.82	27,026,500
Jan 7, 2026	23.71	23.80	22.43	22.43	22.22	23,267,100
Jan 6, 2026	24.09	24.35	23.78	23.79	23.57	17,048,400
Jan 5, 2026	24.22	24.41	23.73	24.13	23.91	18,144,700
Jan 2, 2026	24.28	24.39	23.82	24.17	23.95	11,238,800
Dec 31, 2025	24.02	24.24	23.84	24.02	23.80	14,245,400
Dec 30, 2025	24.33	24.44	24.07	24.07	23.85	9,611,600
Dec 29, 2025	24.25	24.52	24.13	24.33	24.10	13,836,300
Dec 26, 2025	24.50	24.56	24.34	24.49	24.26	11,203,600
Dec 24, 2025	24.60	24.70	24.44	24.44	24.21	5,180,800
Dec 23, 2025	24.73	24.80	24.46	24.58	24.35	16,269,200
Dec 22, 2025	24.67	24.80	24.39	24.70	24.47	18,592,700
Dec 19, 2025	0.143 Dividend 
Dec 19, 2025	23.91	24.58	23.89	24.43	24.20	29,907,700
Dec 18, 2025	24.10	24.19	23.39	23.92	23.56	23,603,100
Dec 17, 2025	24.37	24.67	23.84	24.02	23.65	31,541,800
Dec 16, 2025	23.92	24.50	23.83	24.30	23.93	33,437,500
Dec 15, 2025	24.00	24.09	23.72	24.05	23.68	35,706,300
Dec 12, 2025	24.39	24.43	23.68	23.87	23.51	49,512,900
Dec 11, 2025	24.73	24.90	24.05	24.54	24.17	31,575,300
Dec 10, 2025	24.74	25.41	24.58	25.26	24.88	40,648,800
Dec 9, 2025	23.69	24.81	23.67	24.77	24.39	31,516,600
Dec 8, 2025	23.14	24.36	23.05	23.86	23.50	26,246,100
Dec 5, 2025	20.90	23.56	20.61	23.33	22.97	47,409,100
Dec 4, 2025	22.31	23.09	22.30	22.90	22.55	33,710,900
Dec 3, 2025	21.89	22.41	21.82	22.26	21.92	19,079,400
Dec 2, 2025	22.23	22.24	21.84	21.92	21.59	16,830,400
Dec 1, 2025	21.56	22.03	21.48	21.94	21.61	25,190,200
Nov 28, 2025	21.58	21.93	21.54	21.87	21.54	7,707,800
Nov 26, 2025	21.60	21.61	21.10	21.53	21.20	19,609,800
Nov 25, 2025	21.11	21.45	20.93	21.36	21.03	21,491,200
Nov 24, 2025	20.83	21.25	20.66	21.09	20.77	35,604,100
Nov 21, 2025	20.18	20.79	19.95	20.52	20.21	22,404,400
Nov 20, 2025	21.12	21.31	19.92	20.02	19.72	24,343,600
Nov 19, 2025	20.82	21.15	20.57	20.60	20.29	26,653,200
Nov 18, 2025	21.01	21.45	20.72	20.90	20.58	43,252,800
Nov 17, 2025	21.94	22.19	20.74	21.23	20.91	50,382,100
Nov 14, 2025	22.48	23.42	22.35	22.83	22.48	29,807,000
Nov 13, 2025	23.27	23.59	22.65	22.93	22.58	42,098,300
Nov 12, 2025	23.07	23.69	23.00	23.48	23.12	37,546,600
Nov 11, 2025	23.70	23.75	22.76	22.89	22.54	28,882,000
Nov 10, 2025	24.11	24.41	23.58	23.88	23.52	34,049,800
Nov 7, 2025	23.27	23.52	22.79	23.45	23.09	21,932,600
Nov 6, 2025	23.68	23.90	23.13	23.40	23.04	22,854,200
Nov 5, 2025	23.60	24.03	23.39	23.71	23.35	27,393,700
Nov 4, 2025	23.93	24.10	23.43	23.56	23.20	35,378,300
Nov 3, 2025	24.62	24.78	24.11	24.50	24.13	28,309,400
Oct 31, 2025	24.49	24.92	24.20	24.42	24.05	33,572,100
Oct 30, 2025	24.15	24.75	24.04	24.41	24.04	39,387,200
Oct 29, 2025	24.55	24.59	24.08	24.27	23.90	35,121,100
Oct 28, 2025	24.25	24.70	23.69	24.25	23.88	38,284,100
Oct 27, 2025	23.78	24.22	23.58	24.18	23.81	35,603,400
Oct 24, 2025	23.66	23.70	23.27	23.50	23.14	19,914,300
Oct 23, 2025	23.14	23.46	23.06	23.19	22.84	30,706,700
Oct 22, 2025	23.14	23.25	22.60	23.09	22.74	50,450,400
Oct 21, 2025	22.96	23.43	22.62	23.27	22.92	81,272,500
Oct 20, 2025	23.07	23.10	22.44	22.87	22.52	60,189,800
Oct 17, 2025	22.35	23.27	22.24	22.96	22.61	65,685,500
Oct 16, 2025	22.97	23.49	22.11	22.50	22.16	78,889,800
Oct 15, 2025	25.25	26.31	24.86	25.04	24.66	50,347,700
Oct 14, 2025	24.38	25.37	24.28	25.00	24.62	34,533,600
Oct 13, 2025	24.95	25.45	24.75	24.80	24.42	35,267,900
Oct 10, 2025	26.25	26.37	24.39	24.40	24.03	35,814,900
Oct 9, 2025	26.04	26.37	25.74	26.25	25.85	20,274,400
Oct 8, 2025	24.86	26.44	24.85	26.08	25.68	29,025,300
Oct 7, 2025	25.46	25.92	24.67	24.91	24.53	21,949,800
Oct 6, 2025	24.97	25.25	24.76	24.79	24.41	15,656,000
Oct 3, 2025	24.60	25.00	24.30	24.43	24.06	20,800,300
Oct 2, 2025	25.17	25.31	24.41	24.48	24.11	17,599,900
Oct 1, 2025	24.38	24.98	24.23	24.93	24.55	27,908,400
Sep 30, 2025	24.10	24.57	23.98	24.56	24.19	22,897,400
Sep 29, 2025	24.31	24.68	24.10	24.14	23.77	19,445,300
Sep 26, 2025	24.08	24.15	23.81	24.00	23.63	20,647,700
Sep 25, 2025	24.02	24.25	23.87	24.21	23.84	32,909,800
Sep 24, 2025	24.89	25.07	24.37	24.46	24.09	25,135,600
Sep 23, 2025	25.12	25.32	24.68	24.70	24.32	25,207,500
Sep 22, 2025	24.95	25.36	24.90	25.16	24.78	28,153,200
Sep 19, 2025	25.21	25.32	24.86	24.99	24.61	32,895,700
Sep 18, 2025	0.13 Dividend 
Sep 18, 2025	25.00	25.35	24.89	25.24	24.86	22,034,800
Sep 17, 2025	24.55	24.96	24.25	24.73	24.23	25,280,500
Sep 16, 2025	24.91	24.97	24.34	24.43	23.93	21,439,300
Sep 15, 2025	24.80	25.04	24.50	24.84	24.33	18,368,000
Sep 12, 2025	24.85	25.10	24.73	24.73	24.23	20,692,400
Sep 11, 2025	24.58	24.96	24.44	24.86	24.35	20,845,500
Sep 10, 2025	24.01	24.68	23.93	24.44	23.94	21,361,400
Sep 9, 2025	23.42	23.98	23.38	23.88	23.39	16,873,500
Sep 8, 2025	23.60	23.77	23.05	23.50	23.02	19,157,100
Sep 5, 2025	23.16	23.56	22.70	23.52	23.04	24,237,500
Sep 4, 2025	23.90	24.17	22.68	23.16	22.69	62,528,800
Sep 3, 2025	22.96	23.04	22.58	22.82	22.35	34,179,900
Sep 2, 2025	22.05	22.71	21.92	22.68	22.22	27,797,200
Aug 29, 2025	22.84	22.86	22.43	22.57	22.11	19,962,600
Aug 28, 2025	22.82	23.31	22.70	23.16	22.69	24,964,900
Aug 27, 2025	22.32	22.87	22.24	22.73	22.27	23,389,900
Aug 26, 2025	22.55	22.75	22.40	22.50	22.04	17,056,400
Aug 25, 2025	22.49	22.67	22.34	22.56	22.10	17,378,800
Aug 22, 2025	21.87	22.69	21.84	22.45	21.99	18,245,300
Aug 21, 2025	21.68	21.91	21.42	21.82	21.37	20,562,600
Aug 20, 2025	21.60	21.62	20.44	21.04	20.61	16,999,500
Aug 19, 2025	21.55	21.68	21.30	21.34	20.90	11,587,600
Aug 18, 2025	21.11	21.67	21.10	21.63	21.19	12,214,900
Aug 15, 2025	21.38	21.38	21.03	21.16	20.73	14,998,500
Aug 14, 2025	21.24	21.48	21.13	21.32	20.88	7,800,500
Aug 13, 2025	21.40	21.76	21.28	21.56	21.12	16,222,700
Aug 12, 2025	20.90	21.43	20.74	21.32	20.88	17,056,900
Aug 11, 2025	20.93	21.08	20.57	20.59	20.17	15,792,900
Aug 8, 2025	20.56	21.01	20.51	20.81	20.39	15,199,300
Aug 7, 2025	20.46	20.55	20.13	20.40	19.98	16,213,100
Aug 6, 2025	19.86	20.31	19.65	20.13	19.72	18,907,400
Aug 5, 2025	20.08	20.14	19.64	19.87	19.46	12,199,300
Aug 4, 2025	20.03	20.06	19.83	20.02	19.61	14,705,200
Aug 1, 2025	20.29	20.29	19.66	19.81	19.41	14,724,600
Jul 31, 2025	20.92	21.20	20.66	20.69	20.27	11,267,300
Jul 30, 2025	20.88	21.09	20.76	20.89	20.46	14,022,900
Jul 29, 2025	20.94	21.10	20.72	20.85	20.42	18,352,500
Jul 28, 2025	20.82	20.93	20.67	20.88	20.45	21,449,000
Jul 25, 2025	20.73	20.73	20.50	20.73	20.31	8,927,400
Jul 24, 2025	20.70	20.73	20.50	20.51	20.09	12,227,700
Jul 23, 2025	20.66	21.16	20.66	20.76	20.34	16,135,000
Jul 22, 2025	20.65	20.69	20.26	20.41	19.99	13,488,100
Jul 21, 2025	21.01	21.09	20.64	20.66	20.24	15,437,700
Jul 18, 2025	20.97	21.18	20.88	21.11	20.68	14,176,300
Jul 17, 2025	20.89	21.16	20.60	20.83	20.40	18,801,600
Jul 16, 2025	20.39	20.51	20.07	20.35	19.93	15,635,300
Jul 15, 2025	20.86	20.90	20.28	20.28	19.87	11,868,700
Jul 14, 2025	20.58	20.85	20.45	20.67	20.25	12,232,300
Jul 11, 2025	21.05	21.05	20.68	20.72	20.30	20,877,600
Jul 10, 2025	20.94	21.72	20.72	21.29	20.86	34,641,500
Jul 9, 2025	21.02	21.02	20.59	20.80	20.38	18,238,600
Jul 8, 2025	20.94	21.01	20.55	20.82	20.40	23,841,100
Jul 7, 2025	21.22	21.28	20.77	20.91	20.48	24,657,200
Jul 3, 2025	21.44	21.47	21.15	21.34	20.90	12,296,600
Jul 2, 2025	20.54	21.47	20.26	21.25	20.82	29,651,200
Jul 1, 2025	20.12	20.70	20.10	20.48	20.06	26,402,600
Jun 30, 2025	20.69	20.97	20.12	20.45	20.03	58,082,000
Jun 27, 2025	18.44	18.58	18.27	18.41	18.03	17,126,500
Jun 26, 2025	18.59	18.63	18.33	18.37	18.00	15,446,600
Jun 25, 2025	18.24	18.62	18.20	18.49	18.11	12,015,900
Jun 24, 2025	17.99	18.25	17.94	18.15	17.78	12,645,900
Jun 23, 2025	17.90	17.97	17.49	17.81	17.45	25,782,800
Jun 20, 2025	18.02	18.19	17.78	17.96	17.59	33,361,800
Jun 18, 2025	0.13 Dividend 
Jun 18, 2025	17.87	18.17	17.70	17.78	17.42	18,678,700
Jun 17, 2025	18.03	18.26	17.84	17.90	17.41	14,023,000
Jun 16, 2025	17.80	18.24	17.76	18.24	17.74	13,992,300
Jun 13, 2025	17.76	17.96	17.53	17.65	17.16	13,037,100
Jun 12, 2025	18.06	18.24	17.97	18.13	17.63	12,763,100
Jun 11, 2025	18.30	18.42	18.12	18.22	17.72	12,487,100
Jun 10, 2025	18.52	18.52	18.18	18.34	17.84	12,940,900
Jun 9, 2025	18.20	18.59	18.16	18.31	17.81	13,415,500
Jun 6, 2025	17.86	18.23	17.76	18.11	17.61	14,262,900
Jun 5, 2025	17.78	18.06	17.52	17.76	17.27	23,709,700
Jun 4, 2025	19.17	19.20	17.58	17.84	17.35	45,635,500
Jun 3, 2025	17.32	17.77	17.16	17.69	17.20	27,275,600
Jun 2, 2025	17.28	17.38	17.02	17.34	16.86	15,657,300
May 30, 2025	17.38	17.45	17.09	17.28	16.80	26,151,300
May 29, 2025	17.84	17.90	17.58	17.65	17.16	15,549,200
May 28, 2025	17.95	18.00	17.63	17.69	17.20	10,687,900
May 27, 2025	17.83	17.98	17.60	17.94	17.45	16,322,100
May 23, 2025	17.18	17.47	17.03	17.42	16.94	9,263,400
May 22, 2025	17.53	17.70	17.34	17.55	17.07	14,241,400
May 21, 2025	17.60	18.07	17.49	17.54	17.06	19,962,700
May 20, 2025	18.02	18.02	17.58	17.72	17.23	16,293,800
May 19, 2025	17.36	17.55	17.33	17.46	16.98	16,883,600
May 16, 2025	17.68	17.83	17.58	17.75	17.26	11,741,700
May 15, 2025	17.72	17.72	17.44	17.62	17.14	16,691,600
May 14, 2025	17.97	18.18	17.76	17.85	17.36	16,650,200
May 13, 2025	17.80	18.06	17.67	17.92	17.43	14,354,000
May 12, 2025	17.85	17.98	17.55	17.74	17.25	19,595,800
May 9, 2025	16.97	17.11	16.76	16.89	16.43	15,585,200
May 8, 2025	16.71	17.13	16.69	16.87	16.41	11,542,200
May 7, 2025	16.56	16.60	16.17	16.56	16.10	13,249,300
May 6, 2025	16.57	16.64	16.33	16.49	16.04	12,831,500
May 5, 2025	16.66	16.99	16.63	16.67	16.21	14,118,200
May 2, 2025	16.78	16.99	16.65	16.86	16.40	15,404,600
May 1, 2025	16.40	16.76	16.40	16.41	15.96	14,720,300
Apr 30, 2025	15.72	16.29	15.71	16.22	15.77	18,477,400
Apr 29, 2025	16.35	16.49	16.26	16.31	15.86	10,251,100
Apr 28, 2025	16.28	16.54	16.20	16.49	16.04	15,464,700
Apr 25, 2025	16.22	16.33	16.06	16.24	15.79	10,292,000
Apr 24, 2025	15.44	16.27	15.42	16.18	15.73	18,837,500
Apr 23, 2025	15.78	16.26	15.31	15.35	14.93	19,315,600
Apr 22, 2025	15.02	15.24	14.91	15.15	14.73	15,465,600
Apr 21, 2025	14.95	15.02	14.55	14.82	14.41	19,119,900
Apr 17, 2025	14.97	15.26	14.75	15.14	14.72	22,462,900
Apr 16, 2025	14.72	15.19	14.60	14.88	14.47	25,806,100
Apr 15, 2025	14.28	15.54	14.20	15.01	14.60	48,695,200
Apr 14, 2025	14.86	14.86	14.27	14.28	13.89	24,166,100
Apr 11, 2025	13.73	14.18	13.43	14.14	13.75	23,791,800
Apr 10, 2025	13.94	14.07	13.20	13.74	13.36	23,011,200
Apr 9, 2025	12.37	14.60	12.15	14.50	14.10	39,493,500
Apr 8, 2025	13.71	13.95	12.26	12.51	12.17	31,348,400
Apr 7, 2025	12.34	14.20	12.31	13.33	12.96	35,719,900
Apr 4, 2025	13.31	13.31	11.97	12.79	12.44	32,655,000
Apr 3, 2025	15.13	15.30	13.60	13.68	13.30	35,325,800
Apr 2, 2025	15.39	16.20	15.39	16.12	15.68	23,638,200
Apr 1, 2025	15.49	15.73	15.27	15.64	15.21	22,897,300
Mar 31, 2025	15.48	15.55	15.24	15.43	15.01	31,786,500
Mar 28, 2025	15.85	15.92	15.52	15.79	15.36	19,216,400
Mar 27, 2025	15.96	16.06	15.76	15.94	15.50	18,129,300
Mar 26, 2025	16.50	16.55	16.03	16.07	15.63	23,621,500
Mar 25, 2025	16.46	16.59	16.40	16.52	16.07	21,198,200
Mar 24, 2025	16.40	16.55	16.32	16.48	16.03	24,161,700
Mar 21, 2025	0.13 Dividend 
Mar 21, 2025	15.94	16.12	15.78	16.05	15.61	47,407,400
Mar 20, 2025	16.10	16.48	16.06	16.23	15.66	19,402,600
Mar 19, 2025	16.08	16.55	16.06	16.34	15.76	21,482,800
Mar 18, 2025	15.76	16.04	15.72	15.93	15.37	24,407,600
Mar 17, 2025	15.65	15.96	15.60	15.84	15.28	19,419,600
Mar 14, 2025	15.05	15.69	15.05	15.62	15.07	27,800,100
Mar 13, 2025	15.11	15.43	14.64	14.77	14.25	30,915,000
Mar 12, 2025	15.25	15.52	14.93	15.09	14.56	26,594,000
Mar 11, 2025	15.02	15.51	14.92	15.34	14.80	29,627,200
Mar 10, 2025	15.51	15.67	14.85	15.08	14.55	32,930,200
Mar 7, 2025	15.26	16.04	14.93	15.81	15.25	81,950,800
Mar 6, 2025	18.32	18.69	17.88	17.96	17.33	25,150,000
Mar 5, 2025	18.95	19.10	18.58	18.89	18.22	15,371,900
Mar 4, 2025	18.86	19.12	18.33	18.84	18.17	16,369,000
Mar 3, 2025	20.07	20.09	18.89	19.03	18.36	11,757,900
Feb 28, 2025	19.60	20.03	19.24	19.81	19.11	17,708,400
Feb 27, 2025	20.49	20.68	19.81	19.84	19.14	9,331,100
Feb 26, 2025	20.49	20.78	20.24	20.37	19.65	10,821,500
Feb 25, 2025	20.71	20.73	20.17	20.29	19.57	11,058,000
Feb 24, 2025	21.20	21.26	20.66	20.75	20.02	13,306,200
Feb 21, 2025	21.89	21.98	21.06	21.14	20.39	7,811,900
Feb 20, 2025	21.86	21.97	21.53	21.74	20.97	8,675,800
Feb 19, 2025	21.70	21.91	21.60	21.85	21.08	8,427,700
Feb 18, 2025	21.81	21.86	21.29	21.78	21.01	11,685,600
Feb 14, 2025	21.29	21.77	21.18	21.71	20.94	9,807,700
Feb 13, 2025	21.25	21.44	20.99	21.28	20.53	9,625,100
Feb 12, 2025	20.99	21.27	20.86	21.09	20.35	7,928,600
Feb 11, 2025	21.23	21.42	21.12	21.18	20.43	11,291,800
Feb 10, 2025	21.39	21.47	21.08	21.43	20.67	10,673,500
Feb 7, 2025	21.56	21.70	21.14	21.27	20.52	10,204,900
Feb 6, 2025	21.56	21.70	21.24	21.36	20.61	10,698,800
Feb 5, 2025	20.81	21.48	20.78	21.36	20.61	12,062,000
Feb 4, 2025	20.58	20.84	20.39	20.83	20.09	15,540,300
Feb 3, 2025	20.61	20.93	20.41	20.46	19.74	16,941,500
Jan 31, 2025	21.21	21.57	20.98	21.19	20.44	17,010,800
Jan 30, 2025	22.05	22.09	20.34	21.19	20.44	27,898,800
Jan 29, 2025	21.84	22.20	21.63	21.66	20.90	15,537,200
Jan 28, 2025	23.04	23.04	20.98	21.46	20.70	30,977,900
Jan 27, 2025	23.26	23.47	22.38	22.95	22.14	17,887,200
Jan 24, 2025	24.52	24.53	24.16	24.37	23.51	9,462,800
Jan 23, 2025	24.27	24.42	24.06	24.36	23.50	9,303,000
Jan 22, 2025	24.09	24.66	23.84	24.42	23.56	14,117,400
Jan 21, 2025	23.29	23.75	23.11	23.70	22.86	11,827,700
Jan 17, 2025	23.70	23.70	23.09	23.14	22.32	19,931,100
Jan 16, 2025	23.36	23.51	23.22	23.41	22.58	11,090,300
Jan 15, 2025	23.16	23.34	22.95	23.30	22.48	17,963,000
Jan 14, 2025	22.16	22.90	22.03	22.54	21.74	17,645,900
Jan 13, 2025	21.54	22.00	21.17	21.98	21.20	14,949,500
Jan 10, 2025	21.83	22.98	21.49	22.08	21.30	26,537,200
Jan 8, 2025	22.20	22.25	21.60	22.03	21.25	14,520,700
Jan 7, 2025	23.05	23.05	22.25	22.28	21.49	12,107,300
Jan 6, 2025	22.22	23.06	22.17	22.85	22.04	21,505,800
Jan 3, 2025	21.57	21.85	21.44	21.82	21.05	8,661,800
Jan 2, 2025	21.44	21.57	21.15	21.47	20.71	11,584,500
Dec 31, 2024	21.47	21.59	21.18	21.35	20.60	7,318,600
Dec 30, 2024	21.32	21.61	21.13	21.40	20.64	7,219,100
Dec 27, 2024	21.83	21.92	21.52	21.65	20.89	6,571,000
Dec 26, 2024	21.79	22.05	21.77	22.03	21.25	4,815,400
Dec 24, 2024	21.86	21.92	21.75	21.89	21.12	5,955,400
Dec 23, 2024	21.60	21.86	21.39	21.82	21.05	14,384,000
Dec 20, 2024	0.13 Dividend 
Dec 20, 2024	20.61	21.64	20.60	21.61	20.85	43,682,400
Dec 19, 2024	21.09	21.20	20.76	20.89	20.03	18,372,300
Dec 18, 2024	21.67	21.80	20.55	20.59	19.74	15,360,500
Dec 17, 2024	21.36	21.91	21.36	21.54	20.65	13,269,400
Dec 16, 2024	21.83	22.04	21.25	21.85	20.95	22,024,400
Dec 13, 2024	21.73	22.07	21.68	21.83	20.93	10,279,500
Dec 12, 2024	21.82	22.17	21.76	21.83	20.93	12,668,200
Dec 11, 2024	21.83	22.00	21.20	21.91	21.00	16,182,300
Dec 10, 2024	22.63	22.90	21.77	21.92	21.01	20,630,800
Dec 9, 2024	23.85	23.92	23.06	23.11	22.16	22,240,200
Dec 6, 2024	22.68	24.24	22.46	23.95	22.96	37,723,200
Dec 5, 2024	22.60	22.74	21.57	21.65	20.76	26,020,400
Dec 4, 2024	21.50	22.08	21.37	21.76	20.86	11,767,000
Dec 3, 2024	21.06	21.32	20.96	21.30	20.42	9,325,900
Dec 2, 2024	21.20	21.60	20.99	21.25	20.37	12,697,300
Nov 29, 2024	20.83	21.42	20.81	21.22	20.34	7,085,600
Nov 27, 2024	21.12	21.45	20.64	20.80	19.94	16,174,000
Nov 26, 2024	22.17	22.25	21.93	22.13	21.22	8,299,400
Nov 25, 2024	22.40	22.62	22.07	22.21	21.29	21,880,100
Nov 22, 2024	21.81	22.22	21.72	22.10	21.19	8,865,800
Nov 21, 2024	21.32	21.96	21.30	21.74	20.84	12,939,500
Nov 20, 2024	21.56	21.56	21.08	21.18	20.31	10,338,300
Nov 19, 2024	21.22	21.57	20.86	21.53	20.64	9,248,700
Nov 18, 2024	21.81	21.86	21.29	21.38	20.50	12,030,800
Nov 15, 2024	21.39	21.49	20.98	21.07	20.20	10,918,000
Nov 14, 2024	21.71	22.04	21.34	21.34	20.46	9,000,700
Nov 13, 2024	21.76	22.15	21.61	21.85	20.95	10,682,400
Nov 12, 2024	21.83	22.11	21.70	21.73	20.83	8,487,500
Nov 11, 2024	22.12	22.40	21.89	22.02	21.11	10,395,900
Nov 8, 2024	21.47	22.20	21.38	22.04	21.13	14,164,900
Nov 7, 2024	21.36	21.67	21.17	21.44	20.55	11,975,400
Nov 6, 2024	20.73	21.39	20.68	21.33	20.45	15,601,000
Nov 5, 2024	20.02	20.27	19.86	20.00	19.17	9,456,000
Nov 4, 2024	20.15	20.39	20.01	20.01	19.18	8,093,400
Nov 1, 2024	19.56	20.25	19.51	20.06	19.23	12,602,000
Oct 31, 2024	20.19	20.24	19.49	19.49	18.68	12,163,500
Oct 30, 2024	20.95	21.05	20.23	20.34	19.50	15,599,700
Oct 29, 2024	19.73	19.98	19.69	19.87	19.05	9,709,400
Oct 28, 2024	19.59	19.88	19.48	19.73	18.91	8,955,900
Oct 25, 2024	19.58	19.86	19.44	19.46	18.66	7,901,400
Oct 24, 2024	19.42	19.47	19.24	19.40	18.60	9,434,600
Oct 23, 2024	19.83	19.85	19.25	19.31	18.51	10,069,800
Oct 22, 2024	19.85	19.96	19.57	19.89	19.07	11,112,200
Oct 21, 2024	20.68	20.68	19.89	19.97	19.15	15,063,900
Oct 18, 2024	21.03	21.06	20.39	20.69	19.84	10,429,200
Oct 17, 2024	20.82	21.00	20.67	20.94	20.07	9,672,800
Oct 16, 2024	20.80	20.97	20.69	20.89	20.03	13,599,300
Oct 15, 2024	20.81	21.09	20.66	20.74	19.88	14,362,600
Oct 14, 2024	20.65	20.93	20.63	20.72	19.86	8,153,300
Oct 11, 2024	20.53	20.82	20.50	20.67	19.82	8,488,000
Oct 10, 2024	20.70	20.94	20.39	20.54	19.69	18,463,700
Oct 9, 2024	20.82	20.90	20.50	20.85	19.99	10,816,900
Oct 8, 2024	20.96	21.05	20.76	20.97	20.10	11,588,800
Oct 7, 2024	20.51	20.92	20.50	20.86	20.00	10,961,300
Oct 4, 2024	20.69	20.75	20.28	20.62	19.77	8,528,200
Oct 3, 2024	20.39	20.83	20.23	20.35	19.51	10,884,200
Oct 2, 2024	20.00	20.66	19.95	20.50	19.65	12,851,100
Oct 1, 2024	20.33	20.38	19.82	19.95	19.13	14,802,400
Sep 30, 2024	20.09	20.51	19.94	20.46	19.61	16,962,200
Sep 27, 2024	20.45	20.48	20.13	20.14	19.31	10,396,800
Sep 26, 2024	20.23	20.49	19.98	20.35	19.51	17,618,600
Sep 25, 2024	19.69	20.08	19.58	19.85	19.03	24,344,100
Sep 24, 2024	18.95	18.96	18.79	18.88	18.10	10,154,800
Sep 23, 2024	18.82	18.86	18.63	18.83	18.05	11,338,800
Sep 20, 2024	18.79	18.89	18.50	18.81	18.03	30,623,000
Sep 19, 2024	0.13 Dividend 
Sep 19, 2024	18.67	18.94	18.65	18.85	18.07	17,085,300
Sep 18, 2024	18.27	18.57	18.03	18.30	17.42	17,767,100
Sep 17, 2024	17.97	18.40	17.71	18.20	17.32	28,391,600
Sep 16, 2024	16.84	17.31	16.81	17.23	16.40	14,943,400
Sep 13, 2024	16.92	17.20	16.84	17.15	16.32	19,822,600
Sep 12, 2024	16.36	16.93	16.20	16.86	16.05	41,955,200
Sep 11, 2024	16.10	16.46	15.77	16.40	15.61	70,763,400
Sep 10, 2024	16.39	16.53	15.95	16.10	15.33	70,663,200
Sep 9, 2024	17.60	17.85	17.53	17.60	16.75	13,693,000
Sep 6, 2024	17.58	17.80	17.30	17.53	16.69	16,208,800
Sep 5, 2024	17.15	18.00	16.85	17.64	16.79	29,090,200
Sep 4, 2024	18.93	19.02	18.56	18.77	17.87	21,890,700
Sep 3, 2024	19.28	19.44	18.96	19.06	18.14	15,341,500
Aug 30, 2024	19.15	19.57	19.11	19.37	18.44	18,330,200
Aug 29, 2024	18.96	19.04	18.66	18.68	17.78	9,558,700
Aug 28, 2024	19.00	19.17	18.80	19.00	18.09	8,707,000
Aug 27, 2024	19.06	19.34	19.03	19.10	18.18	7,637,300
Aug 26, 2024	19.23	19.48	19.09	19.18	18.26	7,313,700
Aug 23, 2024	19.07	19.32	18.88	19.21	18.29	7,959,500
Aug 22, 2024	18.91	19.05	18.74	18.77	17.87	7,195,100
Aug 21, 2024	18.81	18.90	18.50	18.88	17.97	7,719,800
Aug 20, 2024	18.82	18.84	18.47	18.77	17.87	9,747,600
Aug 19, 2024	18.67	18.90	18.50	18.88	17.97	9,017,300
Aug 16, 2024	18.69	18.83	18.56	18.67	17.77	8,302,500
Aug 15, 2024	18.30	18.81	18.11	18.76	17.86	13,126,900
Aug 14, 2024	17.83	17.85	17.54	17.78	16.92	10,201,100
Aug 13, 2024	17.36	17.88	17.32	17.80	16.94	16,886,400
Aug 12, 2024	17.39	17.42	17.06	17.19	16.36	13,676,700
Aug 9, 2024	17.20	17.43	17.11	17.34	16.51	7,352,800
Aug 8, 2024	16.91	17.33	16.91	17.31	16.48	9,934,500
Aug 7, 2024	17.25	17.27	16.61	16.72	15.92	18,905,800
Aug 6, 2024	17.40	17.56	17.23	17.25	16.42	14,081,300
Aug 5, 2024	17.26	17.57	17.00	17.35	16.52	12,876,400
Aug 2, 2024	18.55	18.69	17.95	18.03	17.16	12,776,500
Aug 1, 2024	19.75	19.98	18.83	19.08	18.16	9,310,000
Jul 31, 2024	19.80	20.09	19.64	19.91	18.95	12,120,400
Jul 30, 2024	19.56	19.69	18.99	19.01	18.10	11,214,600
Jul 29, 2024	19.85	19.92	19.39	19.41	18.48	7,886,100
Jul 26, 2024	19.58	19.91	19.53	19.76	18.81	7,954,800
Jul 25, 2024	19.92	19.99	19.41	19.45	18.51	11,529,800
Jul 24, 2024	20.41	20.67	20.03	20.05	19.09	9,554,200
Jul 23, 2024	20.50	20.67	20.41	20.54	19.55	6,290,300
Jul 22, 2024	20.62	20.79	20.48	20.59	19.60	9,656,900
Jul 19, 2024	20.66	20.72	20.44	20.48	19.49	10,035,700
Jul 18, 2024	21.02	21.21	20.63	20.67	19.68	10,713,200
Jul 17, 2024	21.18	21.29	20.73	20.81	19.81	12,520,200
Jul 16, 2024	21.48	21.53	21.23	21.43	20.40	7,878,100
Jul 15, 2024	21.26	21.48	21.15	21.44	20.41	9,921,600
Jul 12, 2024	21.19	21.41	20.98	21.17	20.15	9,206,500
Jul 11, 2024	21.36	21.41	20.97	21.20	20.18	9,411,900
Jul 10, 2024	21.39	21.49	21.10	21.35	20.32	10,414,200
Jul 9, 2024	20.81	21.61	20.80	21.25	20.23	15,683,100
Jul 8, 2024	20.75	20.98	20.69	20.89	19.88	11,118,800
Jul 5, 2024	20.68	20.68	20.29	20.55	19.56	15,281,400
Jul 3, 2024	21.10	21.10	20.52	20.67	19.68	11,412,800
Jul 2, 2024	20.86	21.17	20.81	21.12	20.10	11,762,400
Jul 1, 2024	21.32	21.32	20.60	21.16	20.14	13,452,100
Jun 28, 2024	21.04	21.27	20.90	21.17	20.15	17,398,900
Jun 27, 2024	20.92	21.31	20.89	21.04	20.03	12,921,000
Jun 26, 2024	20.78	21.01	20.72	20.92	19.91	17,304,900
Jun 25, 2024	20.51	21.14	20.33	21.12	20.10	15,186,900
Jun 24, 2024	20.83	21.03	20.45	20.47	19.48	19,621,200
Jun 21, 2024	21.25	21.38	20.43	20.92	19.91	59,893,400
Jun 20, 2024	22.66	22.74	21.41	21.48	20.45	25,498,900
Jun 18, 2024	0.13 Dividend 
Jun 18, 2024	21.89	22.82	21.56	21.84	20.79	44,296,100
Jun 17, 2024	21.85	21.96	21.19	21.66	20.49	20,204,900
Jun 14, 2024	21.62	21.82	21.26	21.60	20.44	18,473,700
Jun 13, 2024	20.86	21.90	20.79	21.76	20.59	22,925,400
Jun 12, 2024	20.87	21.17	20.65	20.91	19.78	20,247,700
Jun 11, 2024	20.50	20.68	20.19	20.56	19.45	15,196,800
Jun 10, 2024	20.00	20.64	19.95	20.59	19.48	23,519,100
Jun 7, 2024	19.72	20.04	19.71	20.03	18.95	21,612,900
Jun 6, 2024	19.37	20.04	19.08	19.59	18.54	30,573,600
Jun 5, 2024	20.35	20.43	19.44	19.48	18.43	88,492,100
Jun 4, 2024	17.85	17.96	17.59	17.60	16.65	30,743,300
Jun 3, 2024	17.91	18.08	17.65	17.95	16.98	22,762,900
May 31, 2024	17.91	17.97	17.31	17.65	16.70	33,499,300
May 30, 2024	18.51	18.68	18.29	18.52	17.52	31,909,300
May 29, 2024	18.24	18.40	18.17	18.18	17.20	14,206,500
May 28, 2024	18.49	18.78	18.22	18.41	17.42	17,948,100
May 24, 2024	18.33	18.60	18.30	18.41	17.42	13,605,300
May 23, 2024	18.85	18.95	18.15	18.24	17.26	15,612,200
May 22, 2024	17.80	18.18	17.74	18.15	17.17	10,667,200
May 21, 2024	17.76	17.83	17.59	17.78	16.82	9,328,200
May 20, 2024	17.90	18.04	17.72	17.80	16.84	10,130,500
May 17, 2024	18.01	18.02	17.73	17.86	16.90	9,238,500
May 16, 2024	17.98	18.08	17.75	17.89	16.93	10,222,600
May 15, 2024	17.75	18.00	17.66	17.97	17.00	11,307,200
May 14, 2024	17.47	17.66	17.42	17.65	16.70	11,483,000
May 13, 2024	17.13	17.46	17.13	17.38	16.44	11,969,900
May 10, 2024	17.10	17.29	16.99	17.06	16.14	6,454,400
May 9, 2024	17.23	17.27	16.90	17.06	16.14	8,599,600
May 8, 2024	16.77	17.19	16.71	17.18	16.26	8,134,900
May 7, 2024	17.20	17.23	16.80	16.86	15.95	8,273,300
May 6, 2024	17.02	17.20	16.95	17.16	16.24	9,233,700
May 3, 2024	16.74	16.87	16.61	16.86	15.95	7,951,500
May 2, 2024	16.61	16.65	16.26	16.53	15.64	11,008,600
May 1, 2024	16.86	17.02	16.39	16.44	15.55	9,407,100
Apr 30, 2024	17.03	17.40	16.98	17.00	16.08	10,073,000
Apr 29, 2024	17.21	17.43	17.03	17.18	16.26	8,335,700
Apr 26, 2024	17.00	17.28	16.88	17.17	16.25	9,189,400
Apr 25, 2024	16.82	17.06	16.78	16.97	16.06	8,383,000
Apr 24, 2024	16.93	17.05	16.78	16.93	16.02	10,856,000
Apr 23, 2024	16.76	16.96	16.73	16.83	15.92	9,110,400
Apr 22, 2024	16.94	16.98	16.65	16.83	15.92	8,508,500
Apr 19, 2024	17.02	17.23	16.69	16.79	15.89	12,486,500
Apr 18, 2024	17.09	17.12	16.84	17.04	16.12	12,392,500
Apr 17, 2024	17.25	17.49	17.01	17.03	16.11	11,256,000
Apr 16, 2024	17.33	17.38	16.91	17.14	16.22	11,214,400
Apr 15, 2024	17.70	17.81	17.20	17.26	16.33	17,413,800
Apr 12, 2024	17.73	17.91	17.39	17.42	16.48	14,035,100
Apr 11, 2024	17.98	18.06	17.64	17.94	16.97	11,099,600
Apr 10, 2024	17.80	18.07	17.72	18.00	17.03	16,226,400
Apr 9, 2024	18.21	18.25	17.88	18.02	17.05	10,641,500
Apr 8, 2024	18.21	18.42	18.11	18.14	17.16	10,709,800
Apr 5, 2024	17.89	18.12	17.72	18.00	17.03	13,148,900
Apr 4, 2024	18.50	18.76	17.88	17.94	16.97	17,602,700
Apr 3, 2024	17.67	18.39	17.65	18.19	17.21	26,942,500
Apr 2, 2024	17.75	17.82	17.55	17.70	16.75	9,361,500
Apr 1, 2024	17.68	18.01	17.62	17.94	16.97	9,680,900
Mar 28, 2024	17.74	17.85	17.69	17.73	16.78	9,155,400
Mar 27, 2024	17.77	17.80	17.41	17.67	16.72	9,727,100
Mar 26, 2024	17.51	17.84	17.45	17.69	16.74	14,285,200
Mar 25, 2024	17.25	17.63	17.21	17.42	16.48	16,167,200
Mar 22, 2024	17.21	17.61	17.21	17.37	16.43	9,279,500
Mar 21, 2024	17.17	17.41	17.05	17.21	16.28	12,914,800
Mar 20, 2024	16.67	16.93	16.50	16.93	16.02	17,508,400
Mar 19, 2024	16.95	17.02	16.72	16.78	15.88	12,178,000
Mar 18, 2024	16.94	17.19	16.79	17.06	16.14	22,137,600
Mar 15, 2024	17.30	17.42	16.70	16.73	15.83	41,144,400
Mar 14, 2024	0.13 Dividend 
Mar 14, 2024	17.70	17.70	17.38	17.53	16.59	15,774,900
Mar 13, 2024	18.02	18.06	17.61	17.90	16.81	17,482,400
Mar 12, 2024	18.52	19.15	18.04	18.05	16.95	33,677,100
Mar 11, 2024	17.72	18.27	17.63	18.04	16.94	19,422,800
Mar 8, 2024	18.63	18.69	17.95	17.99	16.90	21,698,000
Mar 7, 2024	18.79	18.83	17.72	18.18	17.08	29,773,700
Mar 6, 2024	18.35	20.07	18.34	18.77	17.63	51,250,900
Mar 5, 2024	17.01	18.19	17.01	18.10	17.00	44,150,200
Mar 4, 2024	15.81	17.31	15.76	17.15	16.11	41,177,700
Mar 1, 2024	14.53	15.70	14.47	15.56	14.62	34,153,700
Feb 29, 2024	15.00	15.26	15.00	15.23	14.31	27,341,800
Feb 28, 2024	14.84	15.06	14.78	14.86	13.96	9,910,200
Feb 27, 2024	15.01	15.08	14.83	14.89	13.99	9,432,100
Feb 26, 2024	15.09	15.14	14.87	14.93	14.02	14,869,500
Feb 23, 2024	15.11	15.23	15.04	15.11	14.19	8,561,000
Feb 22, 2024	15.04	15.18	14.93	15.07	14.16	10,462,400
Feb 21, 2024	14.90	14.99	14.76	14.91	14.00	8,116,600
Feb 20, 2024	14.85	15.09	14.80	15.01	14.10	9,652,600
Feb 16, 2024	15.19	15.25	14.91	14.93	14.02	10,076,700
Feb 15, 2024	15.22	15.28	15.06	15.26	14.33	9,556,200
Feb 14, 2024	15.38	15.45	15.12	15.23	14.31	10,443,700
Feb 13, 2024	15.26	15.32	15.09	15.23	14.31	7,133,100
Feb 12, 2024	15.48	15.75	15.46	15.61	14.66	6,361,500
Feb 9, 2024	15.45	15.55	15.37	15.48	14.54	6,572,300
Feb 8, 2024	15.26	15.52	15.21	15.50	14.56	8,059,500
Feb 7, 2024	15.33	15.37	15.08	15.26	14.33	11,377,600
Feb 6, 2024	15.27	15.49	15.26	15.28	14.35	9,909,000
Feb 5, 2024	15.30	15.37	15.22	15.28	14.35	8,563,300
Feb 2, 2024	15.33	15.53	15.14	15.41	14.47	7,301,400
Feb 1, 2024	15.34	15.38	15.13	15.36	14.43	7,500,900
Jan 31, 2024	15.66	15.67	15.09	15.29	14.36	15,595,400
Jan 30, 2024	15.97	15.99	15.75	15.89	14.93	6,540,400
Jan 29, 2024	15.74	15.83	15.64	15.80	14.84	7,291,400
Jan 26, 2024	15.90	15.94	15.71	15.84	14.88	6,099,500
Jan 25, 2024	15.91	16.04	15.82	15.92	14.95	11,244,800
Jan 24, 2024	15.63	15.99	15.57	15.76	14.80	11,362,400
Jan 23, 2024	15.63	15.70	15.46	15.50	14.56	8,726,700
Jan 22, 2024	15.48	15.62	15.40	15.50	14.56	9,414,400
Jan 19, 2024	15.03	15.43	14.93	15.37	14.44	13,251,800
Jan 18, 2024	15.06	15.11	14.70	14.96	14.05	15,106,200
Jan 17, 2024	15.15	15.20	14.91	15.04	14.13	13,466,800
Jan 16, 2024	15.55	15.61	15.16	15.31	14.38	19,468,300
Jan 12, 2024	16.42	16.47	15.84	15.89	14.93	13,200,700
Jan 11, 2024	16.39	16.50	16.23	16.37	15.38	13,319,400
Jan 10, 2024	16.11	16.47	16.01	16.43	15.43	23,542,000
Jan 9, 2024	16.60	16.88	16.11	16.14	15.16	35,499,400
Jan 8, 2024	17.20	17.80	17.17	17.72	16.64	11,782,000
Jan 5, 2024	16.95	17.39	16.93	17.17	16.13	13,780,100
Jan 4, 2024	17.04	17.25	16.97	17.00	15.97	13,255,000
Jan 3, 2024	16.80	17.20	16.74	17.04	16.01	10,331,300
Jan 2, 2024	16.87	17.01	16.72	16.93	15.90	8,438,200
Dec 29, 2023	17.15	17.19	16.90	16.98	15.95	6,026,700
Dec 28, 2023	17.10	17.18	17.07	17.17	16.13	4,684,900
Dec 27, 2023	17.27	17.28	17.01	17.09	16.05	5,911,700
Dec 26, 2023	17.08	17.29	17.05	17.23	16.18	4,857,100
Dec 22, 2023	17.05	17.20	16.98	17.09	16.05	6,112,600
Dec 21, 2023	16.90	17.01	16.72	17.00	15.97	7,160,800
Dec 20, 2023	16.87	17.05	16.74	16.74	15.72	7,572,400
Dec 19, 2023	16.88	16.92	16.76	16.83	15.81	8,317,600
Dec 18, 2023	16.78	16.83	16.56	16.79	15.77	12,793,900
Dec 15, 2023	16.88	16.94	16.61	16.72	15.70	21,855,000
Dec 14, 2023	16.70	17.18	16.70	17.06	16.02	20,993,600
Dec 13, 2023	16.37	16.65	16.27	16.58	15.57	10,730,500
Dec 12, 2023	0.13 Dividend 
Dec 12, 2023	16.05	16.49	16.05	16.37	15.38	16,224,600
Dec 11, 2023	16.22	16.71	16.22	16.66	15.53	13,978,500
Dec 8, 2023	16.11	16.40	16.09	16.22	15.12	11,901,300
Dec 7, 2023	15.91	16.13	15.70	16.12	15.02	19,474,000
Dec 6, 2023	16.12	16.21	15.81	15.88	14.80	13,108,700
Dec 5, 2023	16.43	16.43	16.04	16.08	14.99	15,550,100
Dec 4, 2023	16.75	16.87	16.50	16.54	15.41	14,150,100
Dec 1, 2023	16.79	17.14	16.65	16.89	15.74	14,837,000
Nov 30, 2023	16.84	17.05	16.71	16.91	15.76	24,721,700
Nov 29, 2023	16.23	16.90	15.79	16.52	15.40	21,648,300
Nov 28, 2023	15.57	15.62	15.45	15.52	14.46	14,386,200
Nov 27, 2023	15.73	15.78	15.57	15.60	14.54	11,202,100
Nov 24, 2023	15.85	15.91	15.74	15.83	14.75	3,788,800
Nov 22, 2023	15.75	15.88	15.68	15.78	14.71	11,394,800
Nov 21, 2023	15.79	15.82	15.56	15.62	14.56	8,598,100
Nov 20, 2023	15.88	15.96	15.78	15.83	14.75	7,486,500
Nov 17, 2023	15.87	15.99	15.81	15.93	14.85	8,801,000
Nov 16, 2023	16.26	16.31	15.63	15.74	14.67	11,587,400
Nov 15, 2023	16.48	16.68	16.42	16.45	15.33	8,330,600
Nov 14, 2023	16.24	16.50	16.13	16.42	15.30	9,884,800
Nov 13, 2023	15.83	16.03	15.76	16.00	14.91	11,143,900
Nov 10, 2023	15.71	15.99	15.60	15.96	14.87	5,800,100
Nov 9, 2023	15.76	15.85	15.59	15.62	14.56	6,963,200
Nov 8, 2023	15.75	15.83	15.60	15.74	14.67	7,087,600
Nov 7, 2023	15.80	15.93	15.71	15.75	14.68	6,177,100
Nov 6, 2023	15.92	16.00	15.77	15.91	14.83	6,377,700
Nov 3, 2023	15.81	16.00	15.79	15.93	14.85	6,825,600
Nov 2, 2023	15.71	15.75	15.48	15.59	14.53	9,592,300
Nov 1, 2023	15.40	15.53	15.35	15.53	14.47	7,754,600
Oct 31, 2023	15.29	15.39	15.19	15.38	14.33	7,910,800
Oct 30, 2023	15.36	15.41	15.16	15.30	14.26	8,330,300
Oct 27, 2023	15.20	15.44	15.13	15.21	14.18	9,000,400
Oct 26, 2023	15.11	15.28	14.96	15.13	14.10	10,747,100
Oct 25, 2023	15.28	15.32	15.10	15.14	14.11	8,291,300
Oct 24, 2023	15.29	15.40	15.18	15.29	14.25	8,708,500
Oct 23, 2023	15.18	15.36	15.10	15.20	14.17	13,468,400
Oct 20, 2023	15.94	16.11	14.91	15.23	14.19	24,589,400
Oct 19, 2023	16.73	16.77	16.24	16.30	15.19	11,471,000
Oct 18, 2023	16.85	16.96	16.62	16.68	15.55	7,528,100
Oct 17, 2023	16.96	17.13	16.85	16.98	15.82	7,374,700
Oct 16, 2023	16.63	17.18	16.59	17.11	15.95	13,079,600
Oct 13, 2023	16.96	17.05	16.47	16.48	15.36	8,562,500
Oct 12, 2023	17.17	17.20	16.77	16.95	15.80	10,252,300
Oct 11, 2023	16.98	17.29	16.97	17.16	15.99	6,984,900
Oct 10, 2023	16.91	17.18	16.88	16.93	15.78	9,087,000
Oct 9, 2023	16.73	16.98	16.59	16.85	15.70	7,809,900
Oct 6, 2023	16.74	16.97	16.58	16.83	15.68	9,281,400
Oct 5, 2023	16.91	17.04	16.62	16.79	15.65	6,220,300
Oct 4, 2023	16.97	17.03	16.78	17.01	15.85	4,885,200
Oct 3, 2023	17.21	17.37	16.75	16.93	15.78	7,283,400
Oct 2, 2023	17.40	17.59	17.34	17.44	16.25	8,932,000
Sep 29, 2023	17.66	17.73	17.26	17.37	16.19	10,206,000
Sep 28, 2023	17.12	17.75	17.12	17.63	16.43	13,325,400
Sep 27, 2023	16.95	17.32	16.82	17.07	15.91	12,236,900
Sep 26, 2023	16.81	16.93	16.73	16.78	15.64	9,485,600
Sep 25, 2023	16.89	17.11	16.87	16.97	15.82	8,973,600
Sep 22, 2023	16.98	17.10	16.85	17.02	15.86	5,133,600
Sep 21, 2023	16.96	17.07	16.88	16.98	15.82	8,321,900
Sep 20, 2023	17.32	17.40	17.07	17.10	15.94	8,009,400
Sep 19, 2023	17.05	17.17	17.00	17.07	15.91	7,622,000
Sep 18, 2023	16.98	17.04	16.78	17.00	15.84	8,843,900
Sep 15, 2023	17.12	17.28	16.87	17.07	15.91	18,972,700
Sep 14, 2023	16.99	17.23	16.92	17.21	16.04	8,724,300
Sep 13, 2023	0.12 Dividend 
Sep 13, 2023	17.02	17.09	16.76	16.77	15.63	9,633,600
Sep 12, 2023	17.03	17.18	16.95	17.08	15.81	10,847,900
Sep 11, 2023	17.43	17.54	17.15	17.23	15.94	10,387,000
Sep 8, 2023	17.30	17.41	17.29	17.34	16.05	6,767,300
Sep 7, 2023	17.51	17.57	17.27	17.29	16.00	13,845,400
Sep 6, 2023	17.64	17.92	17.55	17.75	16.43	10,493,800
Sep 5, 2023	17.94	18.09	17.80	17.81	16.48	10,504,800
Sep 1, 2023	17.21	18.02	17.19	17.98	16.64	19,826,100
Aug 31, 2023	17.45	17.50	16.85	16.99	15.72	17,274,400
Aug 30, 2023	16.38	17.44	16.20	17.36	16.07	13,990,600
Aug 29, 2023	16.82	16.95	16.67	16.84	15.58	10,459,100
Aug 28, 2023	16.75	16.92	16.66	16.79	15.54	11,524,800
Aug 25, 2023	16.74	16.80	16.45	16.62	15.38	9,312,000
Aug 24, 2023	17.08	17.15	16.69	16.70	15.45	11,635,700
Aug 23, 2023	16.81	17.07	16.77	17.02	15.75	8,446,100
Aug 22, 2023	17.07	17.11	16.77	16.79	15.54	10,569,100
Aug 21, 2023	17.01	17.12	16.88	17.04	15.77	8,776,000
Aug 18, 2023	16.76	17.13	16.75	17.00	15.73	8,832,800
Aug 17, 2023	17.16	17.24	16.88	16.97	15.70	12,958,700
Aug 16, 2023	17.22	17.31	17.01	17.04	15.77	9,419,000
Aug 15, 2023	17.47	17.63	17.30	17.30	16.01	7,659,600
Aug 14, 2023	17.50	17.64	17.36	17.60	16.29	10,801,900
Aug 11, 2023	17.54	17.66	17.48	17.60	16.29	11,611,300
Aug 10, 2023	17.79	17.90	17.54	17.62	16.31	17,531,500
Aug 9, 2023	18.03	18.08	17.47	17.68	16.36	16,237,900
Aug 8, 2023	17.39	18.14	17.19	18.07	16.72	22,140,400
Aug 7, 2023	17.48	17.66	17.35	17.55	16.24	10,511,600
Aug 4, 2023	17.30	17.60	17.17	17.37	16.07	11,892,500
Aug 3, 2023	17.10	17.42	16.92	17.32	16.03	9,536,200
Aug 2, 2023	17.22	17.52	17.17	17.24	15.95	10,628,800
Aug 1, 2023	17.41	17.47	17.22	17.41	16.11	10,138,000
Jul 31, 2023	17.23	17.43	17.22	17.38	16.08	7,359,500
Jul 28, 2023	17.56	17.63	17.26	17.26	15.97	9,010,300
Jul 27, 2023	17.66	17.74	17.31	17.36	16.07	8,697,600
Jul 26, 2023	17.56	17.72	17.42	17.45	16.15	11,314,700
Jul 25, 2023	17.41	17.69	17.31	17.59	16.28	11,177,500
Jul 24, 2023	17.48	17.65	17.23	17.35	16.06	11,108,200
Jul 21, 2023	17.28	17.37	17.17	17.26	15.97	12,403,700
Jul 20, 2023	17.30	17.37	17.05	17.20	15.92	11,782,300
Jul 19, 2023	17.51	17.64	17.21	17.27	15.98	13,068,700
Jul 18, 2023	17.00	17.51	16.96	17.46	16.16	13,473,600
Jul 17, 2023	16.77	17.17	16.72	17.05	15.78	9,156,600
Jul 14, 2023	17.22	17.27	16.79	16.87	15.61	8,694,600
Jul 13, 2023	17.16	17.38	17.15	17.32	16.03	8,494,000
Jul 12, 2023	17.50	17.52	17.05	17.08	15.81	9,332,000
Jul 11, 2023	17.00	17.34	17.00	17.33	16.04	9,630,100
Jul 10, 2023	16.77	17.08	16.76	16.99	15.72	10,130,200
Jul 7, 2023	16.71	17.09	16.67	16.87	15.61	12,653,100
Jul 6, 2023	16.47	16.68	16.42	16.66	15.42	8,331,000
Jul 5, 2023	16.54	16.78	16.42	16.67	15.43	7,634,800
Jul 3, 2023	16.73	16.78	16.62	16.71	15.46	4,107,200
Jun 30, 2023	16.71	16.89	16.71	16.80	15.55	9,763,500
Jun 29, 2023	16.40	16.73	16.40	16.65	15.41	8,779,800
Jun 28, 2023	16.38	16.45	16.24	16.36	15.14	7,318,300
Jun 27, 2023	16.40	16.56	16.33	16.43	15.20	10,439,400
Jun 26, 2023	16.61	16.72	16.38	16.39	15.17	10,100,500
Jun 23, 2023	16.60	16.67	16.49	16.52	15.29	13,221,100
Jun 22, 2023	16.86	16.99	16.61	16.78	15.53	14,554,600
Jun 21, 2023	17.08	17.42	16.79	16.82	15.57	12,829,900
Jun 20, 2023	17.44	17.47	16.91	17.01	15.74	19,374,500
Jun 16, 2023	17.49	17.74	17.28	17.57	16.26	24,486,800
Jun 15, 2023	16.75	17.50	16.74	17.45	16.15	24,260,700
Jun 14, 2023	0.12 Dividend 
Jun 14, 2023	16.50	17.00	16.50	16.81	15.56	15,014,500
Jun 13, 2023	16.31	16.70	16.30	16.64	15.29	17,875,100
Jun 12, 2023	15.78	16.28	15.78	16.28	14.96	14,149,400
Jun 9, 2023	15.87	16.00	15.78	15.79	14.51	7,748,300
Jun 8, 2023	15.76	15.84	15.61	15.80	14.52	12,074,100
Jun 7, 2023	15.45	15.80	15.39	15.76	14.48	14,615,400
Jun 6, 2023	14.96	15.41	14.95	15.34	14.09	12,038,800
Jun 5, 2023	15.23	15.30	14.99	15.02	13.80	16,808,400
Jun 2, 2023	14.77	15.31	14.58	15.24	14.00	20,040,300
Jun 1, 2023	14.50	14.98	14.43	14.67	13.48	26,669,400
May 31, 2023	13.86	14.64	13.79	14.42	13.25	34,083,600
May 30, 2023	15.57	15.73	15.50	15.52	14.26	20,688,600
May 26, 2023	14.90	15.45	14.73	15.34	14.09	22,099,300
May 25, 2023	14.26	14.73	14.25	14.67	13.48	11,132,900
May 24, 2023	14.32	14.32	14.02	14.16	13.01	10,807,800
May 23, 2023	14.45	14.71	14.38	14.38	13.21	15,995,100
May 22, 2023	14.37	14.51	14.29	14.45	13.28	11,604,400
May 19, 2023	14.50	14.50	14.31	14.33	13.17	17,190,400
May 18, 2023	14.26	14.46	14.19	14.41	13.24	17,834,500
May 17, 2023	14.15	14.43	14.09	14.31	13.15	10,489,400
May 16, 2023	14.25	14.31	13.96	14.04	12.90	15,408,600
May 15, 2023	13.89	14.31	13.81	14.29	13.13	11,484,500
May 12, 2023	13.85	13.91	13.71	13.83	12.71	14,413,300
May 11, 2023	14.03	14.03	13.70	13.78	12.66	16,141,900
May 10, 2023	14.21	14.33	13.92	14.09	12.95	8,438,100
May 9, 2023	14.07	14.18	14.01	14.16	13.01	6,304,000
May 8, 2023	14.14	14.20	14.06	14.19	13.04	7,283,200
May 5, 2023	13.97	14.17	13.93	14.11	12.96	7,426,000
May 4, 2023	13.88	13.90	13.65	13.80	12.68	8,244,500
May 3, 2023	14.31	14.38	13.95	13.95	12.82	12,608,400
May 2, 2023	14.48	14.57	14.10	14.25	13.09	9,620,400
May 1, 2023	14.39	14.59	14.38	14.44	13.27	8,476,300
Apr 28, 2023	14.21	14.35	14.20	14.32	13.16	8,821,600
Apr 27, 2023	14.10	14.26	13.96	14.26	13.10	9,429,200
Apr 26, 2023	14.09	14.24	14.01	14.09	12.95	9,596,300
Apr 25, 2023	14.22	14.25	14.09	14.14	12.99	9,567,100
Apr 24, 2023	14.41	14.44	14.25	14.34	13.17	8,262,400
Apr 21, 2023	14.55	14.55	14.18	14.46	13.29	11,103,800
Apr 20, 2023	14.70	14.80	14.41	14.54	13.36	14,176,000
Apr 19, 2023	15.41	15.59	14.85	14.96	13.74	14,659,200
Apr 18, 2023	15.93	16.02	15.70	15.78	14.50	8,220,300
Apr 17, 2023	15.92	16.03	15.76	15.85	14.56	10,754,100
Apr 14, 2023	16.03	16.23	15.79	15.91	14.62	8,442,900
Apr 13, 2023	15.92	16.09	15.80	16.03	14.73	9,611,000
Apr 12, 2023	16.16	16.16	15.86	15.98	14.68	7,728,000
Apr 11, 2023	16.07	16.16	16.05	16.05	14.75	7,128,100
Apr 10, 2023	15.76	16.06	15.75	16.06	14.76	7,662,700
Apr 6, 2023	15.90	15.95	15.80	15.86	14.57	6,339,000
Apr 5, 2023	16.01	16.10	15.75	15.91	14.62	10,982,900
Apr 4, 2023	16.35	16.40	15.96	16.11	14.80	13,000,300
Apr 3, 2023	15.90	16.39	15.87	16.33	15.00	15,773,200
Mar 31, 2023	15.80	15.96	15.77	15.93	14.64	15,543,500
Mar 30, 2023	15.64	15.74	15.55	15.72	14.44	12,212,500
Mar 29, 2023	15.13	15.62	15.13	15.52	14.26	16,381,400
Mar 28, 2023	14.97	14.99	14.83	14.95	13.74	13,520,500
Mar 27, 2023	14.40	15.06	14.38	15.01	13.79	17,066,400
Mar 24, 2023	14.18	14.23	14.05	14.23	13.07	12,699,700
Mar 23, 2023	14.49	14.57	14.18	14.27	13.11	11,543,300
Mar 22, 2023	14.79	14.85	14.41	14.43	13.26	12,263,100
Mar 21, 2023	14.64	14.77	14.61	14.75	13.55	10,513,800
Mar 20, 2023	14.20	14.48	14.18	14.44	13.27	13,576,800
Mar 17, 2023	14.23	14.32	14.08	14.10	12.95	22,302,400
Mar 16, 2023	0.12 Dividend 
Mar 16, 2023	13.70	14.32	13.66	14.31	13.15	15,241,000
Mar 15, 2023	13.86	14.03	13.75	13.91	12.67	16,778,500
Mar 14, 2023	14.19	14.30	13.98	14.14	12.88	16,631,000
Mar 13, 2023	14.12	14.23	13.91	14.01	12.76	15,212,400
Mar 10, 2023	14.69	14.70	14.26	14.33	13.05	17,290,600
Mar 9, 2023	15.14	15.14	14.66	14.71	13.40	10,485,600
Mar 8, 2023	15.10	15.17	15.02	15.10	13.75	11,283,700
Mar 7, 2023	15.15	15.32	14.98	15.01	13.67	12,305,400
Mar 6, 2023	15.29	15.42	15.09	15.15	13.80	17,630,200
Mar 3, 2023	15.88	16.05	15.22	15.28	13.92	22,209,000
Mar 2, 2023	15.44	15.53	15.30	15.50	14.12	11,956,800
Mar 1, 2023	15.66	15.74	15.46	15.54	14.15	9,208,000
Feb 28, 2023	15.62	15.74	15.57	15.61	14.22	15,279,800
Feb 27, 2023	15.75	15.84	15.59	15.64	14.25	8,099,900
Feb 24, 2023	15.52	15.67	15.45	15.60	14.21	9,897,100
Feb 23, 2023	15.87	15.90	15.53	15.74	14.34	10,233,800
Feb 22, 2023	15.98	16.04	15.65	15.75	14.35	8,902,700
Feb 21, 2023	16.28	16.28	15.98	15.98	14.55	8,755,900
Feb 17, 2023	16.40	16.45	16.30	16.36	14.90	7,933,100
Feb 16, 2023	16.46	16.59	16.28	16.46	14.99	10,146,600
Feb 15, 2023	16.44	16.60	16.39	16.57	15.09	7,088,300
Feb 14, 2023	16.66	16.73	16.48	16.54	15.06	8,792,600
Feb 13, 2023	16.41	16.70	16.39	16.66	15.17	9,301,900
Feb 10, 2023	16.25	16.49	16.18	16.44	14.97	14,023,300
Feb 9, 2023	16.20	16.30	16.15	16.24	14.79	18,403,500
Feb 8, 2023	16.09	16.10	15.89	16.01	14.58	18,148,900
Feb 7, 2023	16.12	16.30	15.99	16.23	14.78	17,657,500
Feb 6, 2023	16.27	16.28	16.03	16.11	14.67	24,139,200
Feb 3, 2023	16.25	16.54	16.24	16.33	14.87	9,682,000
Feb 2, 2023	16.20	16.52	16.18	16.41	14.95	13,329,200
Feb 1, 2023	16.12	16.18	15.91	16.11	14.67	18,695,100
Jan 31, 2023	16.01	16.15	15.90	16.13	14.69	24,130,400
Jan 30, 2023	15.99	16.18	15.94	16.01	14.58	10,476,500
Jan 27, 2023	16.18	16.29	16.10	16.14	14.70	9,423,100
Jan 26, 2023	16.25	16.29	15.99	16.22	14.77	11,148,700
Jan 25, 2023	16.03	16.17	15.77	16.13	14.69	10,570,700
Jan 24, 2023	16.03	16.26	15.93	16.17	14.73	9,550,900
Jan 23, 2023	16.03	16.29	15.99	16.17	14.73	10,009,600
Jan 20, 2023	15.84	15.96	15.64	15.95	14.53	12,713,700
Jan 19, 2023	15.94	15.97	15.74	15.81	14.40	12,533,300
Jan 18, 2023	16.25	16.35	16.07	16.08	14.65	13,629,400
Jan 17, 2023	16.40	16.45	16.05	16.25	14.80	14,189,500
Jan 13, 2023	16.17	16.47	16.12	16.45	14.98	12,392,100
Jan 12, 2023	16.61	16.72	16.31	16.32	14.86	22,445,800
Jan 11, 2023	16.99	17.05	16.78	16.91	15.40	16,002,800
Jan 10, 2023	16.80	17.14	16.68	17.06	15.54	16,777,600
Jan 9, 2023	17.10	17.25	16.89	16.96	15.45	19,294,700
Jan 6, 2023	16.68	17.21	16.67	17.11	15.58	15,242,500
Jan 5, 2023	16.29	16.50	16.18	16.45	14.98	13,099,500
Jan 4, 2023	16.15	16.52	16.12	16.42	14.96	15,865,500
Jan 3, 2023	16.09	16.14	15.83	16.06	14.63	18,233,900
Dec 30, 2022	15.82	15.96	15.76	15.96	14.54	9,396,400
Dec 29, 2022	15.67	16.03	15.67	15.92	14.50	8,469,100
Dec 28, 2022	15.90	15.94	15.56	15.57	14.18	6,480,100
Dec 27, 2022	15.81	15.94	15.74	15.88	14.46	6,066,800
Dec 23, 2022	15.72	15.77	15.49	15.75	14.35	8,328,800
Dec 22, 2022	15.65	15.72	15.44	15.71	14.31	13,616,800
Dec 21, 2022	15.77	15.95	15.74	15.78	14.37	14,255,200
Dec 20, 2022	15.51	15.68	15.47	15.66	14.26	13,188,200
Dec 19, 2022	15.70	15.77	15.38	15.48	14.10	9,138,500
Dec 16, 2022	15.55	15.74	15.44	15.64	14.25	31,670,500
Dec 15, 2022	15.96	16.03	15.65	15.76	14.35	16,562,900
Dec 14, 2022	16.10	16.42	16.03	16.20	14.76	14,978,300
Dec 13, 2022	0.12 Dividend 
Dec 13, 2022	16.34	16.50	16.08	16.25	14.80	18,007,900
Dec 12, 2022	16.02	16.40	16.00	16.36	14.79	11,246,500
Dec 9, 2022	16.30	16.39	16.14	16.15	14.60	10,018,200
Dec 8, 2022	16.19	16.35	16.16	16.29	14.73	9,297,600
Dec 7, 2022	16.13	16.13	15.89	16.06	14.52	14,176,600
Dec 6, 2022	16.23	16.32	16.12	16.27	14.71	14,153,400
Dec 5, 2022	16.59	16.65	16.12	16.21	14.66	12,746,500
Dec 2, 2022	16.62	16.83	16.53	16.69	15.09	13,167,100
Dec 1, 2022	16.39	16.93	16.24	16.82	15.21	17,179,300
Nov 30, 2022	15.76	16.86	15.55	16.78	15.17	35,362,300
Nov 29, 2022	15.62	15.70	15.45	15.46	13.98	14,778,700
Nov 28, 2022	15.70	15.76	15.49	15.55	14.06	13,433,100
Nov 25, 2022	15.80	15.99	15.73	15.83	14.31	5,567,600
Nov 23, 2022	15.61	15.84	15.57	15.80	14.29	11,307,200
Nov 22, 2022	15.57	15.76	15.47	15.63	14.13	16,074,500
Nov 21, 2022	15.59	15.62	15.42	15.55	14.06	14,910,900
Nov 18, 2022	15.64	15.80	15.50	15.77	14.26	14,069,000
Nov 17, 2022	15.01	15.55	14.94	15.54	14.05	14,944,800
Nov 16, 2022	15.42	15.51	15.12	15.23	13.77	15,051,100
Nov 15, 2022	15.53	15.64	15.33	15.51	14.02	14,101,200
Nov 14, 2022	15.19	15.60	15.13	15.32	13.85	11,924,900
Nov 11, 2022	14.97	15.34	14.90	15.29	13.82	13,755,900
Nov 10, 2022	14.69	14.88	14.53	14.87	13.44	13,869,900
Nov 9, 2022	14.28	14.40	14.13	14.15	12.79	11,909,200
Nov 8, 2022	14.56	14.65	14.31	14.42	13.04	11,080,900
Nov 7, 2022	14.25	14.49	14.18	14.43	13.05	11,777,000
Nov 4, 2022	14.10	14.31	13.94	14.25	12.88	12,930,100
Nov 3, 2022	13.80	13.88	13.57	13.80	12.48	11,064,100
Nov 2, 2022	14.29	14.45	14.00	14.00	12.66	14,840,900
Nov 1, 2022	14.40	14.45	14.24	14.36	12.98	15,357,800
Oct 31, 2022	14.29	14.39	14.19	14.27	12.90	13,517,000
Oct 28, 2022	14.16	14.47	14.16	14.39	13.01	12,289,200
Oct 27, 2022	14.07	14.25	14.03	14.07	12.72	15,153,000
Oct 26, 2022	13.78	14.16	13.76	13.98	12.64	14,151,600
Oct 25, 2022	13.60	13.93	13.52	13.85	12.52	16,719,900
Oct 24, 2022	13.53	13.71	13.41	13.66	12.35	17,275,100
Oct 21, 2022	12.86	13.49	12.81	13.47	12.18	20,455,900
Oct 20, 2022	12.77	13.20	12.74	12.81	11.58	17,132,400
Oct 19, 2022	12.85	13.04	12.71	12.82	11.59	12,362,700
Oct 18, 2022	12.94	13.07	12.70	12.87	11.64	14,721,800
Oct 17, 2022	12.90	13.01	12.63	12.78	11.55	19,641,200
Oct 14, 2022	12.93	12.93	12.57	12.59	11.38	16,266,300
Oct 13, 2022	12.18	12.93	12.06	12.83	11.60	18,163,200
Oct 12, 2022	12.24	12.52	12.14	12.35	11.17	14,517,800
Oct 11, 2022	12.23	12.40	12.10	12.21	11.04	18,397,200
Oct 10, 2022	12.55	12.57	12.14	12.30	11.12	11,474,300
Oct 7, 2022	12.66	12.73	12.38	12.46	11.27	12,885,200
Oct 6, 2022	12.87	12.99	12.82	12.91	11.67	12,361,200
Oct 5, 2022	12.66	13.02	12.58	12.95	11.71	11,658,700
Oct 4, 2022	12.58	12.85	12.56	12.85	11.62	11,791,300
Oct 3, 2022	12.17	12.47	12.02	12.37	11.18	14,231,900
Sep 30, 2022	12.12	12.32	11.97	11.98	10.83	13,870,500
Sep 29, 2022	12.18	12.18	11.97	12.12	10.96	17,697,700
Sep 28, 2022	12.01	12.33	11.99	12.28	11.10	14,349,100
Sep 27, 2022	12.17	12.23	11.93	12.04	10.89	14,029,300
Sep 26, 2022	12.08	12.24	11.93	12.01	10.86	14,779,600
Sep 23, 2022	12.23	12.27	11.90	12.16	10.99	13,636,000
Sep 22, 2022	12.60	12.62	12.34	12.40	11.21	12,333,300
Sep 21, 2022	12.86	12.98	12.58	12.60	11.39	8,679,600
Sep 20, 2022	12.85	12.86	12.67	12.76	11.54	7,748,300
Sep 19, 2022	12.89	13.11	12.82	12.98	11.74	7,887,400
Sep 16, 2022	12.91	13.12	12.81	13.06	11.81	16,887,100
Sep 15, 2022	13.03	13.29	12.96	13.07	11.82	12,627,200
Sep 14, 2022	13.22	13.26	12.93	13.03	11.78	12,622,900
Sep 13, 2022	13.46	13.55	13.09	13.18	11.92	12,455,800
Sep 12, 2022	13.57	13.82	13.54	13.76	12.44	12,058,800
Sep 9, 2022	0.12 Dividend 
Sep 9, 2022	13.32	13.49	13.29	13.43	12.14	12,016,700
Sep 8, 2022	13.18	13.36	13.08	13.36	11.97	17,411,800
Sep 7, 2022	13.11	13.33	13.02	13.29	11.91	9,868,000
Sep 6, 2022	13.27	13.35	13.05	13.15	11.78	14,080,800
Sep 2, 2022	13.58	13.62	13.18	13.24	11.86	16,069,500
Sep 1, 2022	13.50	13.53	13.13	13.37	11.98	16,665,000
Aug 31, 2022	13.71	13.81	13.53	13.60	12.19	25,985,300
Aug 30, 2022	13.76	13.84	13.56	13.65	12.23	12,077,000
Aug 29, 2022	13.62	13.96	13.55	13.72	12.29	13,678,800
Aug 26, 2022	14.63	14.65	13.74	13.76	12.33	16,798,200
Aug 25, 2022	14.50	14.85	14.50	14.83	13.29	9,603,100
Aug 24, 2022	14.40	14.48	14.24	14.36	12.87	13,000,500
Aug 23, 2022	14.47	14.63	14.40	14.41	12.91	11,379,300
Aug 22, 2022	14.69	14.69	14.38	14.41	12.91	10,733,700
Aug 19, 2022	15.03	15.09	14.81	14.86	13.31	11,403,200
Aug 18, 2022	15.02	15.20	14.99	15.17	13.59	10,958,200
Aug 17, 2022	14.90	15.06	14.77	14.93	13.38	11,520,600
Aug 16, 2022	14.84	15.06	14.83	14.95	13.40	8,315,600
Aug 15, 2022	14.68	14.91	14.63	14.86	13.31	7,899,100
Aug 12, 2022	14.75	14.85	14.72	14.80	13.26	11,828,800
Aug 11, 2022	14.64	14.84	14.60	14.67	13.14	8,397,900
Aug 10, 2022	14.29	14.58	14.24	14.51	13.00	9,706,000
Aug 9, 2022	14.35	14.39	13.95	14.09	12.62	10,262,900
Aug 8, 2022	14.52	14.64	14.32	14.40	12.90	6,772,700
Aug 5, 2022	14.12	14.44	14.06	14.36	12.87	9,264,600
Aug 4, 2022	14.23	14.31	14.15	14.29	12.80	7,153,700
Aug 3, 2022	14.24	14.39	14.09	14.27	12.79	7,380,000
Aug 2, 2022	14.31	14.38	14.10	14.17	12.70	6,823,900
Aug 1, 2022	14.11	14.44	14.10	14.42	12.92	7,503,600
