Aug 28, 2026	719.74	724.13	715.09	716.43	716.43	34,043,800
Aug 27, 2026	716.93	721.35	714.53	721.11	721.11	28,723,500
Aug 26, 2026	708.41	713.02	707.97	711.37	711.37	20,392,400
Aug 25, 2026	711.22	714.04	707.45	710.72	710.72	23,869,600
Aug 24, 2026	709.66	709.79	702.70	706.32	706.32	37,443,100
Aug 21, 2026	715.23	715.67	709.20	713.44	713.44	33,399,400
Aug 20, 2026	712.09	714.94	708.52	710.93	710.93	33,396,400
Aug 19, 2026	720.39	721.50	712.61	716.08	716.08	35,801,700
Aug 18, 2026	720.21	722.13	715.92	717.51	717.51	48,997,200
Aug 17, 2026	732.95	734.58	729.27	729.87	729.87	26,452,600
Aug 14, 2026	733.41	734.39	728.32	731.07	731.07	23,790,600
Aug 13, 2026	725.15	733.96	724.03	732.07	732.07	31,599,700
Aug 12, 2026	727.08	727.25	722.92	723.70	723.70	29,066,000
Aug 11, 2026	723.29	723.35	715.50	718.45	718.45	29,286,100
Aug 10, 2026	722.39	724.67	720.33	720.87	720.87	26,243,200
Aug 7, 2026	720.15	723.63	716.51	723.03	723.03	31,070,400
Aug 6, 2026	710.82	719.32	708.50	714.65	714.65	33,035,900
Aug 5, 2026	726.25	728.54	716.92	717.30	717.30	33,540,200
Aug 4, 2026	708.16	725.66	707.53	723.85	723.85	59,778,600
Aug 3, 2026	688.30	701.59	685.82	700.07	700.07	44,965,100
Jul 31, 2026	692.11	695.77	680.05	687.99	687.99	50,540,500
Jul 30, 2026	674.76	685.12	673.30	683.55	683.55	66,753,700
Jul 29, 2026	675.51	680.05	661.14	661.73	661.73	57,233,300
Jul 28, 2026	676.23	679.40	667.88	675.49	675.49	51,398,700
Jul 27, 2026	691.68	692.30	675.95	682.12	682.12	42,681,500
Jul 24, 2026	690.41	692.63	682.48	684.23	684.23	42,876,700
Jul 23, 2026	694.67	698.66	687.79	691.96	691.96	44,028,600
Jul 22, 2026	703.62	709.65	703.62	705.35	705.35	23,692,200
Jul 21, 2026	706.57	710.05	702.80	708.97	708.97	33,728,300
Jul 20, 2026	702.16	705.80	695.51	696.06	696.06	29,687,600
Jul 17, 2026	691.65	702.30	686.76	695.33	695.33	54,109,300
Jul 16, 2026	712.01	713.60	702.61	705.94	705.94	39,402,000
Jul 15, 2026	723.85	724.36	710.23	717.74	717.74	32,627,600
Jul 14, 2026	720.22	722.29	714.34	719.69	719.69	29,448,100
Jul 13, 2026	717.72	718.74	710.08	711.74	711.74	36,552,400
Jul 10, 2026	720.70	726.39	717.00	725.51	725.51	26,415,900
Jul 9, 2026	718.33	724.23	715.13	723.28	723.28	33,654,700
Jul 8, 2026	704.95	712.26	700.91	711.44	711.44	35,603,200
Jul 7, 2026	714.17	716.35	704.90	709.43	709.43	42,483,100
Jul 6, 2026	719.93	726.08	718.45	722.82	722.82	30,220,400
Jul 2, 2026	725.58	730.83	707.56	712.60	712.60	50,959,800
Jul 1, 2026	729.19	731.92	724.60	725.17	725.17	40,803,800
Jun 30, 2026	724.18	737.62	723.91	736.40	736.40	42,121,800
Jun 29, 2026	713.99	724.58	705.17	724.08	724.08	44,939,100
Jun 26, 2026	707.13	715.56	702.81	706.52	706.52	47,081,800
Jun 25, 2026	725.90	726.83	705.30	716.38	716.38	49,668,000
Jun 24, 2026	715.37	719.93	704.45	710.62	710.62	52,480,400
Jun 23, 2026	715.74	723.61	712.11	713.65	713.65	53,354,200
Jun 22, 2026	0.813 Dividend 
Jun 22, 2026	742.02	745.45	734.39	737.95	737.95	43,518,600
Jun 18, 2026	737.20	741.82	732.51	740.62	739.81	50,154,600
Jun 17, 2026	735.19	735.68	720.85	722.51	721.72	51,669,300
Jun 16, 2026	742.25	744.22	729.64	729.86	729.06	45,348,700
Jun 15, 2026	738.10	744.76	737.38	744.00	743.18	46,710,200
Jun 12, 2026	717.61	724.01	711.28	721.34	720.55	51,168,400
Jun 11, 2026	699.29	718.37	695.00	717.12	716.33	71,798,900
Jun 10, 2026	701.66	711.28	692.93	693.69	692.93	65,334,300
Jun 9, 2026	722.98	725.66	686.37	707.83	707.05	91,932,200
Jun 8, 2026	717.81	723.03	713.07	716.07	715.28	47,401,500
Jun 5, 2026	730.06	731.69	704.32	705.06	704.29	99,606,600
Jun 4, 2026	735.48	743.50	732.62	740.61	739.80	40,782,600
Jun 3, 2026	747.31	748.65	741.01	744.21	743.39	40,270,200
Jun 2, 2026	742.40	746.44	739.23	746.16	745.34	30,085,200
Jun 1, 2026	737.04	745.65	735.99	742.74	741.92	33,890,600
May 29, 2026	737.84	741.63	735.25	738.31	737.50	37,541,700
May 28, 2026	729.73	736.60	726.41	735.60	734.79	32,840,000
May 27, 2026	732.96	733.32	725.44	729.45	728.65	35,148,700
May 26, 2026	725.96	731.17	724.16	730.28	729.48	34,254,700
May 22, 2026	718.07	722.12	715.95	717.54	716.75	33,118,600
May 21, 2026	708.99	717.12	706.77	714.51	713.73	36,415,400
May 20, 2026	705.29	713.15	703.79	713.15	712.37	36,779,200
May 19, 2026	699.81	706.49	695.25	701.53	700.76	46,827,500
May 18, 2026	711.54	712.07	698.85	705.88	705.11	49,834,500
May 15, 2026	710.14	715.13	705.55	708.93	708.15	51,792,700
May 14, 2026	714.62	722.03	714.22	719.79	719.00	33,327,500
May 13, 2026	709.96	716.65	704.83	714.71	713.93	40,012,500
May 12, 2026	708.22	710.18	696.64	707.24	706.46	45,873,000
May 11, 2026	710.36	714.59	708.91	713.29	712.51	36,019,100
May 8, 2026	699.92	711.23	699.50	711.23	710.45	44,320,400
May 7, 2026	696.58	701.24	691.77	694.94	694.18	43,779,100
May 6, 2026	687.78	695.93	686.48	695.77	695.01	38,778,500
May 5, 2026	677.96	682.77	677.51	681.61	680.86	37,101,100
May 4, 2026	674.66	676.73	668.90	672.88	672.14	34,542,000
May 1, 2026	669.16	675.97	668.80	674.15	673.41	39,172,600
Apr 30, 2026	665.35	668.90	657.56	667.74	667.01	40,622,200
Apr 29, 2026	658.63	661.72	656.59	661.57	660.84	31,724,900
Apr 28, 2026	657.41	659.64	653.81	657.55	656.83	34,147,900
Apr 27, 2026	663.40	664.43	660.69	664.23	663.50	32,717,000
Apr 24, 2026	658.51	664.51	656.53	663.88	663.15	45,563,100
Apr 23, 2026	653.55	656.92	645.52	651.42	650.70	40,099,800
Apr 22, 2026	650.15	655.33	648.52	655.11	654.39	37,368,400
Apr 21, 2026	648.41	650.20	642.21	644.33	643.62	39,580,500
Apr 20, 2026	648.04	648.76	642.52	646.79	646.08	37,138,500
Apr 17, 2026	645.59	650.00	644.07	648.85	648.14	53,488,900
Apr 16, 2026	639.21	642.18	635.26	640.47	639.77	42,320,600
Apr 15, 2026	629.08	637.83	628.20	637.40	636.70	50,102,400
Apr 14, 2026	620.22	628.60	620.10	628.60	627.91	49,921,100
Apr 13, 2026	609.48	626.74	608.11	617.39	616.71	32,972,100
Apr 10, 2026	611.84	613.67	609.58	611.07	610.40	34,038,500
Apr 9, 2026	605.93	610.50	603.03	610.19	609.52	37,837,500
Apr 8, 2026	608.71	609.90	602.12	606.09	605.42	63,086,000
Apr 7, 2026	585.64	588.98	578.40	588.59	587.94	49,948,200
Apr 6, 2026	586.23	590.61	584.69	588.50	587.85	35,108,500
Apr 2, 2026	573.97	586.05	571.92	584.98	584.34	50,941,700
Apr 1, 2026	581.48	587.74	580.42	584.31	583.67	79,435,100
Mar 31, 2026	564.29	578.64	564.21	577.18	576.55	95,878,000
Mar 30, 2026	567.38	568.05	555.60	558.28	557.67	70,602,600
Mar 27, 2026	570.81	571.02	561.57	562.58	561.96	82,702,200
Mar 26, 2026	582.60	584.63	573.43	573.79	573.16	81,492,100
Mar 25, 2026	589.14	591.37	585.69	587.82	587.17	60,475,500
Mar 24, 2026	584.81	587.93	581.93	583.98	583.34	57,750,900
Mar 23, 2026	0.733 Dividend 
Mar 23, 2026	590.52	595.08	585.96	588.00	587.35	89,936,100
Mar 20, 2026	591.06	591.17	578.54	582.06	580.69	91,964,700
Mar 19, 2026	589.51	595.80	587.08	593.02	591.62	75,597,600
Mar 18, 2026	601.49	603.16	594.56	594.90	593.50	56,128,000
Mar 17, 2026	603.14	605.90	601.87	603.31	601.89	47,106,600
Mar 16, 2026	600.04	603.86	599.11	600.38	598.97	49,077,200
Mar 13, 2026	599.73	603.60	592.57	593.72	592.32	63,145,500
Mar 12, 2026	602.76	604.14	597.05	597.26	595.85	71,836,600
Mar 11, 2026	608.95	612.43	605.03	607.69	606.26	60,114,800
Mar 10, 2026	607.78	613.29	605.42	607.77	606.34	64,078,900
Mar 9, 2026	594.23	609.27	591.33	607.76	606.33	93,068,200
Mar 6, 2026	600.31	606.00	598.33	599.75	598.34	86,302,300
Mar 5, 2026	607.40	612.76	602.26	608.91	607.48	89,602,400
Mar 4, 2026	604.16	612.88	603.43	610.75	609.31	70,943,900
Mar 3, 2026	596.33	603.96	591.87	601.58	600.16	97,015,500
Mar 2, 2026	598.86	609.92	597.99	608.09	606.66	75,264,600
Feb 27, 2026	602.98	608.32	602.19	607.29	605.86	68,125,200
Feb 26, 2026	615.59	615.59	603.98	609.24	607.80	96,178,900
Feb 25, 2026	611.07	616.83	611.00	616.68	615.23	55,710,700
Feb 24, 2026	602.40	608.99	599.73	607.87	606.44	55,023,700
Feb 23, 2026	606.61	608.01	599.05	601.41	599.99	63,859,100
Feb 20, 2026	600.12	610.35	599.23	608.81	607.38	74,127,300
Feb 19, 2026	602.81	605.82	600.75	603.47	602.05	60,960,800
Feb 18, 2026	602.11	609.77	600.72	605.79	604.36	64,250,700
Feb 17, 2026	598.38	603.95	593.34	601.30	599.88	69,013,800
Feb 13, 2026	600.43	606.48	596.42	601.92	600.50	69,237,500
Feb 12, 2026	614.71	615.81	599.57	600.64	599.23	81,378,900
Feb 11, 2026	616.38	617.52	607.69	613.11	611.67	58,575,100
Feb 10, 2026	615.31	617.02	611.01	611.47	610.03	53,938,900
Feb 9, 2026	607.54	616.46	605.07	614.32	612.87	56,797,600
Feb 6, 2026	600.19	611.41	598.77	609.65	608.21	78,019,300
Feb 5, 2026	600.21	604.81	594.76	597.03	595.62	89,354,500
Feb 4, 2026	615.02	615.10	600.47	605.75	604.32	81,850,700
Feb 3, 2026	628.30	629.98	610.96	616.52	615.07	81,234,000
Feb 2, 2026	618.70	628.49	618.66	626.14	624.67	49,020,300
Jan 30, 2026	625.71	628.26	619.30	621.87	620.41	65,650,700
Jan 29, 2026	632.65	633.67	618.27	629.43	627.95	79,944,000
Jan 28, 2026	635.46	636.60	631.81	633.22	631.73	50,691,700
Jan 27, 2026	628.91	632.04	627.34	631.13	629.64	38,997,200
Jan 26, 2026	623.21	627.61	622.12	625.46	623.99	35,983,000
Jan 23, 2026	619.73	625.40	618.65	622.72	621.25	43,645,800
Jan 22, 2026	622.35	622.46	617.78	620.76	619.30	42,254,800
Jan 21, 2026	609.47	620.42	607.86	616.28	614.83	79,837,900
Jan 20, 2026	610.53	615.06	607.05	608.06	606.63	81,988,900
Jan 16, 2026	625.50	626.08	618.88	621.26	619.80	61,058,100
Jan 15, 2026	626.60	630.00	620.75	621.78	620.32	53,934,900
Jan 14, 2026	622.24	623.45	614.56	619.55	618.09	72,598,700
Jan 13, 2026	627.27	629.47	623.70	626.24	624.76	44,481,400
Jan 12, 2026	622.31	628.85	622.26	627.17	625.69	37,388,700
Jan 9, 2026	621.41	627.89	619.06	626.65	625.17	49,688,700
Jan 8, 2026	623.03	623.42	617.80	620.47	619.01	50,435,900
Jan 7, 2026	623.04	627.94	622.56	624.02	622.55	44,880,300
Jan 6, 2026	619.23	624.02	618.54	623.42	621.95	43,137,500
Jan 5, 2026	619.32	620.81	616.72	617.99	616.53	46,828,400
Jan 2, 2026	620.06	622.85	610.15	613.12	611.68	61,859,200
Dec 31, 2025	619.65	619.96	614.05	614.31	612.86	40,746,500
Dec 30, 2025	619.84	622.18	619.22	619.43	617.97	31,226,800
Dec 29, 2025	620.10	622.78	618.73	620.87	619.41	32,458,300
Dec 26, 2025	624.66	625.52	623.14	623.89	622.42	28,959,800
Dec 24, 2025	621.99	624.28	621.72	623.93	622.46	18,468,700
Dec 23, 2025	618.20	622.41	617.78	622.11	620.64	41,120,400
Dec 22, 2025	0.794 Dividend 
Dec 22, 2025	621.35	621.65	617.77	619.21	617.75	43,703,100
Dec 19, 2025	611.95	617.62	611.87	617.05	614.80	60,369,800
Dec 18, 2025	609.80	612.93	606.92	609.11	606.89	78,875,800
Dec 17, 2025	613.06	613.65	600.28	600.41	598.22	70,654,300
Dec 16, 2025	608.26	613.51	606.91	611.75	609.52	55,152,800
Dec 15, 2025	618.37	618.42	609.32	610.54	608.32	49,538,200
Dec 12, 2025	622.08	623.54	611.36	613.62	611.39	75,158,700
Dec 11, 2025	623.82	625.78	617.72	625.58	623.30	58,272,800
Dec 10, 2025	623.85	629.21	620.99	627.61	625.33	55,031,400
Dec 9, 2025	623.01	625.87	621.00	625.05	622.78	37,156,000
Dec 8, 2025	627.21	628.84	621.69	624.28	622.01	43,462,400
Dec 5, 2025	624.38	628.92	623.71	625.48	623.20	53,614,200
Dec 4, 2025	624.93	624.94	619.54	622.94	620.67	47,067,800
Dec 3, 2025	619.62	624.22	618.03	623.52	621.25	47,841,600
Dec 2, 2025	619.46	623.75	617.59	622.00	619.74	54,541,800
Dec 1, 2025	613.63	619.44	612.52	617.17	614.92	40,957,600
Nov 28, 2025	616.11	619.32	615.42	619.25	617.00	23,034,400
Nov 26, 2025	612.51	616.19	610.39	614.27	612.03	42,393,600
Nov 25, 2025	603.51	610.26	597.32	608.89	606.67	57,560,900
Nov 24, 2025	595.28	606.68	595.16	605.16	602.96	60,168,100
Nov 21, 2025	587.47	596.98	580.74	590.07	587.92	103,344,200
Nov 20, 2025	611.62	614.03	584.75	585.67	583.54	117,743,200
Nov 19, 2025	597.07	606.16	594.59	599.87	597.69	73,111,500
Nov 18, 2025	599.62	602.31	591.34	596.31	594.14	83,327,300
Nov 17, 2025	606.30	612.48	599.87	603.66	601.46	63,850,400
Nov 14, 2025	599.55	613.35	597.17	608.86	606.64	80,087,300
Nov 13, 2025	617.54	618.12	606.08	608.40	606.19	71,333,600
Nov 12, 2025	624.84	624.86	617.81	621.08	618.82	47,444,400
Nov 11, 2025	620.57	622.72	617.52	621.57	619.31	44,868,800
Nov 10, 2025	618.92	624.31	616.89	623.23	620.96	55,919,900
Nov 7, 2025	608.31	609.95	598.67	609.74	607.52	81,835,400
Nov 6, 2025	621.79	622.04	610.30	611.67	609.44	72,115,100
Nov 5, 2025	618.49	626.60	617.21	623.28	621.01	48,688,500
Nov 4, 2025	623.28	626.95	618.46	619.25	617.00	63,830,800
Nov 3, 2025	635.11	635.82	629.85	632.08	629.78	37,154,300
Oct 31, 2025	634.17	634.20	626.69	629.07	626.78	66,305,100
Oct 30, 2025	632.17	633.50	625.94	626.05	623.77	61,628,600
Oct 29, 2025	635.59	637.01	630.25	635.77	633.46	67,422,800
Oct 28, 2025	630.36	634.68	629.25	632.92	630.62	61,195,700
Oct 27, 2025	624.52	628.55	624.03	628.09	625.80	54,098,600
Oct 24, 2025	615.99	618.42	615.13	617.10	614.85	47,632,500
Oct 23, 2025	604.91	611.37	604.52	610.58	608.36	42,844,300
Oct 22, 2025	610.82	611.41	599.74	605.49	603.29	61,478,800
Oct 21, 2025	611.64	612.72	609.32	611.38	609.15	44,538,200
Oct 20, 2025	607.14	612.80	607.07	611.54	609.31	45,761,700
Oct 17, 2025	597.95	605.51	596.37	603.93	601.73	72,024,900
Oct 16, 2025	605.11	608.31	595.50	599.99	597.81	70,982,000
Oct 15, 2025	604.01	606.70	595.93	602.22	600.03	62,805,500
Oct 14, 2025	595.31	602.69	590.13	598.00	595.82	69,203,200
Oct 13, 2025	599.68	602.95	597.23	602.01	599.82	65,872,600
Oct 10, 2025	611.40	613.18	589.05	589.50	587.35	97,614,800
Oct 9, 2025	611.48	611.61	607.48	610.70	608.48	45,551,000
Oct 8, 2025	605.41	611.75	605.26	611.44	609.21	50,629,800
Oct 7, 2025	609.02	609.71	603.03	604.51	602.31	58,209,500
Oct 6, 2025	608.45	609.36	605.97	607.71	605.50	41,962,100
Oct 3, 2025	606.51	607.33	601.39	603.18	600.98	46,482,100
Oct 2, 2025	607.06	607.16	602.93	605.73	603.53	43,765,400
Oct 1, 2025	597.17	603.79	596.34	603.25	601.05	46,899,600
Sep 30, 2025	598.43	600.71	596.10	600.37	598.18	46,533,800
Sep 29, 2025	599.11	602.05	597.41	598.73	596.55	48,332,900
Sep 26, 2025	594.35	596.30	591.06	595.97	593.80	54,337,400
Sep 25, 2025	592.20	595.12	588.50	593.53	591.37	70,920,200
Sep 24, 2025	599.58	599.90	593.36	596.10	593.93	49,850,300
Sep 23, 2025	602.37	602.57	596.98	598.20	596.02	64,635,500
Sep 22, 2025	0.694 Dividend 
Sep 22, 2025	597.74	602.87	597.72	602.20	600.01	57,154,800
Sep 19, 2025	597.33	600.05	595.85	599.35	596.48	58,196,100
Sep 18, 2025	594.91	598.14	592.96	595.32	592.47	61,069,300
Sep 17, 2025	591.10	591.75	584.37	590.00	587.17	69,384,800
Sep 16, 2025	592.61	592.86	590.49	591.18	588.35	36,942,100
Sep 15, 2025	588.44	591.79	588.29	591.68	588.84	44,360,300
Sep 12, 2025	585.04	587.86	584.10	586.66	583.85	50,745,900
Sep 11, 2025	583.24	584.88	581.62	584.08	581.28	44,745,800
Sep 10, 2025	583.74	583.77	578.55	580.70	577.92	49,308,000
Sep 9, 2025	579.67	580.94	577.04	580.51	577.73	44,007,600
Sep 8, 2025	578.37	580.84	577.77	578.87	576.10	46,371,400
Sep 5, 2025	580.49	581.12	571.53	576.06	573.30	68,342,500
Sep 4, 2025	570.74	575.60	569.03	575.23	572.47	47,526,300
Sep 3, 2025	569.23	571.70	566.73	570.07	567.34	54,230,200
Sep 2, 2025	561.31	565.97	559.54	565.62	562.91	65,876,800
Aug 29, 2025	574.66	575.03	568.54	570.40	567.67	56,030,400
Aug 28, 2025	574.11	578.00	572.46	577.08	574.31	46,787,900
Aug 27, 2025	571.59	574.41	570.37	573.49	570.74	36,927,100
Aug 26, 2025	569.83	572.92	568.80	572.61	569.87	34,103,000
Aug 25, 2025	570.40	573.29	569.16	570.32	567.59	34,044,700
Aug 22, 2025	564.67	573.99	563.27	571.97	569.23	51,502,100
Aug 21, 2025	564.35	566.49	560.98	563.28	560.58	46,436,900
Aug 20, 2025	568.33	568.45	558.84	565.90	563.19	76,781,100
Aug 19, 2025	576.39	576.56	568.25	569.28	566.55	53,752,600
Aug 18, 2025	576.44	577.77	575.24	577.11	574.34	29,831,000
Aug 15, 2025	579.80	579.84	575.57	577.34	574.57	49,480,200
Aug 14, 2025	578.28	581.88	577.91	579.89	577.11	45,425,000
Aug 13, 2025	582.76	583.32	578.94	580.34	577.56	41,209,300
Aug 12, 2025	575.16	580.35	572.49	580.05	577.27	42,143,300
Aug 11, 2025	574.69	576.80	571.57	572.85	570.10	33,112,900
Aug 8, 2025	570.45	574.77	570.15	574.55	571.80	35,255,500
Aug 7, 2025	571.67	573.32	565.11	569.24	566.51	44,463,000
Aug 6, 2025	561.11	567.76	560.63	567.32	564.60	41,823,700
Aug 5, 2025	565.39	566.56	559.73	560.27	557.58	48,666,600
Aug 4, 2025	559.05	564.32	558.95	564.10	561.40	47,669,800
Aug 1, 2025	558.83	559.02	551.68	553.88	551.23	69,400,800
Jul 31, 2025	574.54	574.63	563.87	565.01	562.30	64,613,600
Jul 30, 2025	568.18	570.62	565.05	568.02	565.30	43,433,800
Jul 29, 2025	570.76	572.11	566.53	567.26	564.54	45,463,300
Jul 28, 2025	567.74	569.04	566.87	568.14	565.42	31,498,700
Jul 25, 2025	564.93	567.70	564.27	566.37	563.66	30,630,800
Jul 24, 2025	565.13	566.24	563.29	565.01	562.30	42,275,500
Jul 23, 2025	562.34	563.85	559.58	563.81	561.11	40,215,300
Jul 22, 2025	564.30	564.35	558.61	561.25	558.56	43,270,600
Jul 21, 2025	562.09	566.06	562.06	564.17	561.47	39,595,200
Jul 18, 2025	563.12	564.73	559.98	561.26	558.57	50,484,700
Jul 17, 2025	558.02	562.31	557.21	561.80	559.11	40,423,800
Jul 16, 2025	557.28	560.21	551.56	557.29	554.62	52,314,700
Jul 15, 2025	560.25	560.80	556.66	556.72	554.05	43,277,700
Jul 14, 2025	553.99	556.95	551.63	556.21	553.54	36,453,300
Jul 11, 2025	553.30	555.79	552.05	554.20	551.54	39,618,600
Jul 10, 2025	556.89	557.30	552.75	555.45	552.79	34,710,900
Jul 9, 2025	554.48	557.63	553.10	556.25	553.58	43,045,500
Jul 8, 2025	553.38	554.01	551.10	552.34	549.69	36,153,300
Jul 7, 2025	553.52	554.34	549.58	552.03	549.38	45,349,300
Jul 3, 2025	553.18	557.20	553.18	556.22	553.55	26,443,500
Jul 2, 2025	546.16	551.00	546.12	550.80	548.16	36,538,300
Jul 1, 2025	549.73	550.71	544.66	546.99	544.37	56,166,700
Jun 30, 2025	551.26	552.80	549.01	551.64	549.00	45,548,700
Jun 27, 2025	547.26	549.99	544.54	548.09	545.46	57,577,100
Jun 26, 2025	543.35	546.67	541.52	546.22	543.60	43,811,400
Jun 25, 2025	542.06	543.31	539.38	541.16	538.57	44,804,200
Jun 24, 2025	536.89	540.70	536.27	539.78	537.19	45,442,000
Jun 23, 2025	0.591 Dividend 
Jun 23, 2025	526.81	532.17	523.65	531.65	529.10	50,666,100
Jun 20, 2025	532.26	533.56	524.88	526.83	523.72	61,643,500
Jun 18, 2025	530.10	532.55	527.40	528.99	525.86	43,983,500
Jun 17, 2025	531.71	533.33	527.91	529.08	525.95	42,180,900
Jun 16, 2025	530.50	535.37	530.45	534.29	531.13	37,622,100
Jun 13, 2025	527.68	531.87	525.73	526.96	523.85	55,814,400
Jun 12, 2025	531.09	534.64	530.84	533.66	530.51	34,104,900
Jun 11, 2025	535.62	536.78	530.11	532.41	529.26	53,701,000
Jun 10, 2025	531.17	534.90	528.89	534.21	531.05	40,664,800
Jun 9, 2025	530.14	532.35	529.01	530.70	527.56	33,688,700
Jun 6, 2025	530.00	531.80	528.21	529.92	526.79	42,467,000
Jun 5, 2025	530.18	533.05	522.66	524.79	521.69	61,031,200
Jun 4, 2025	528.01	529.84	525.97	528.77	525.65	41,359,300
Jun 3, 2025	523.56	528.74	522.69	527.30	524.18	44,070,300
Jun 2, 2025	517.24	523.45	515.97	523.21	520.12	44,762,800
May 30, 2025	519.44	520.68	511.93	519.11	516.04	67,662,800
May 29, 2025	526.33	526.48	517.32	519.93	516.86	58,513,300
May 28, 2025	522.18	523.68	518.39	518.91	515.84	46,637,200
May 27, 2025	516.15	521.71	514.59	521.22	518.14	47,226,300
May 23, 2025	506.18	511.84	505.58	509.24	506.23	58,368,100
May 22, 2025	513.66	517.71	512.30	514.00	510.96	55,607,200
May 21, 2025	516.27	523.00	511.24	513.04	510.01	71,292,800
May 20, 2025	519.47	520.93	516.66	520.27	517.20	42,517,600
May 19, 2025	514.24	522.53	514.24	522.01	518.93	52,536,200
May 16, 2025	520.66	521.70	517.10	521.51	518.43	48,394,600
May 15, 2025	516.52	521.93	515.17	519.25	516.18	50,153,300
May 14, 2025	516.77	519.23	515.75	518.68	515.61	47,014,500
May 13, 2025	509.16	517.39	508.42	515.59	512.54	53,269,600
May 12, 2025	506.99	507.89	501.48	507.85	504.85	45,090,600
May 9, 2025	490.21	491.54	486.20	487.97	485.09	27,767,400
May 8, 2025	488.53	492.70	484.17	488.29	485.40	39,577,600
May 7, 2025	482.08	485.80	476.78	483.30	480.44	38,006,300
May 6, 2025	479.56	485.05	478.19	481.41	478.57	32,786,300
May 5, 2025	484.60	489.03	484.10	485.93	483.06	28,309,500
May 2, 2025	486.54	490.91	484.83	488.83	485.94	39,218,100
May 1, 2025	483.41	487.18	480.74	481.68	478.83	43,316,500
Apr 30, 2025	467.13	477.20	462.43	475.47	472.66	46,810,600
Apr 29, 2025	470.17	476.42	469.59	475.53	472.72	30,613,100
Apr 28, 2025	473.03	474.81	466.03	472.41	469.62	33,550,800
Apr 25, 2025	466.97	473.09	465.39	472.56	469.77	38,697,100
Apr 24, 2025	456.48	467.66	455.83	467.35	464.59	45,956,100
Apr 23, 2025	458.17	463.38	452.88	454.56	451.87	55,801,100
Apr 22, 2025	438.82	447.58	437.62	444.48	441.85	52,304,400
Apr 21, 2025	438.23	439.08	427.93	433.11	430.55	44,149,300
Apr 17, 2025	447.17	447.75	441.36	444.10	441.48	44,837,000
Apr 16, 2025	449.03	452.62	437.76	444.18	441.56	48,980,600
Apr 15, 2025	458.54	462.38	456.15	457.99	455.28	35,404,200
Apr 14, 2025	464.46	465.05	452.63	457.48	454.78	43,941,200
Apr 11, 2025	444.65	455.79	441.33	454.40	451.71	52,483,800
Apr 10, 2025	453.56	455.59	432.63	446.18	443.54	108,384,100
Apr 9, 2025	415.57	467.83	415.43	466.00	463.25	142,876,900
Apr 8, 2025	438.16	443.14	409.79	416.06	413.60	101,248,100
Apr 7, 2025	408.66	443.14	402.39	423.69	421.19	161,557,000
Apr 4, 2025	438.14	440.37	422.67	422.67	420.17	117,088,400
Apr 3, 2025	456.44	460.07	450.14	450.66	448.00	70,456,300
Apr 2, 2025	466.12	479.56	465.86	476.15	473.34	49,894,500
Apr 1, 2025	467.30	473.63	464.42	472.70	469.91	41,156,200
Mar 31, 2025	461.92	469.86	457.33	468.92	466.15	53,000,300
Mar 28, 2025	479.81	480.52	468.05	468.94	466.17	46,363,800
Mar 27, 2025	482.41	486.58	480.25	481.62	478.77	33,469,800
Mar 26, 2025	492.30	493.16	482.82	484.38	481.52	34,627,100
Mar 25, 2025	491.39	493.62	490.42	493.46	490.54	26,035,200
Mar 24, 2025	0.716 Dividend 
Mar 24, 2025	487.74	491.51	484.40	490.66	487.76	34,567,200
Mar 21, 2025	474.08	481.61	472.91	480.84	477.29	42,234,900
Mar 20, 2025	476.88	484.55	476.18	479.26	475.72	36,780,500
Mar 19, 2025	476.81	485.33	474.87	480.89	477.34	40,430,300
Mar 18, 2025	479.41	479.61	472.41	474.54	471.03	39,072,300
Mar 17, 2025	479.61	485.84	477.80	482.77	479.20	41,744,400
Mar 14, 2025	473.73	480.56	473.12	479.66	476.12	43,563,000
Mar 13, 2025	476.25	476.28	466.43	468.34	464.88	46,563,300
Mar 12, 2025	479.16	481.06	471.79	476.92	473.40	46,971,100
Mar 11, 2025	472.35	478.81	467.01	471.60	468.11	68,760,800
Mar 10, 2025	483.45	483.97	468.66	472.73	469.24	76,668,000
Mar 7, 2025	487.16	493.28	480.53	491.79	488.16	54,714,700
Mar 6, 2025	493.69	498.58	486.20	488.20	484.59	57,574,300
Mar 5, 2025	496.20	503.63	491.26	502.01	498.30	46,323,700
Mar 4, 2025	494.18	503.74	487.74	495.55	491.89	67,875,400
Mar 3, 2025	511.52	513.04	493.58	497.05	493.38	44,587,200
Feb 28, 2025	500.13	508.78	496.93	508.17	504.41	47,654,000
Feb 27, 2025	518.13	519.07	500.05	500.27	496.57	52,448,000
Feb 26, 2025	515.53	519.66	511.37	514.56	510.76	34,457,600
Feb 25, 2025	519.24	519.32	509.44	513.32	509.53	48,940,000
Feb 24, 2025	527.88	529.07	519.53	519.87	516.03	39,268,400
Feb 21, 2025	538.38	538.40	525.71	526.08	522.19	47,093,800
Feb 20, 2025	538.73	539.10	532.46	537.23	533.26	26,550,800
Feb 19, 2025	538.57	540.81	536.46	539.52	535.53	19,666,900
Feb 18, 2025	539.73	540.00	536.04	539.37	535.38	20,565,000
Feb 14, 2025	536.01	538.84	535.67	538.15	534.17	17,862,600
Feb 13, 2025	529.98	536.22	529.19	535.90	531.94	28,714,800
Feb 12, 2025	522.30	529.19	521.95	528.30	524.40	25,009,400
Feb 11, 2025	525.96	529.92	525.83	527.99	524.09	19,325,500
Feb 10, 2025	527.22	530.36	526.75	529.25	525.34	20,852,800
Feb 7, 2025	530.14	532.10	522.19	522.92	519.06	29,605,500
Feb 6, 2025	527.36	529.81	525.74	529.60	525.69	19,434,500
Feb 5, 2025	521.82	527.01	520.62	526.85	522.96	21,134,100
Feb 4, 2025	518.63	525.11	518.23	524.47	520.59	26,046,800
Feb 3, 2025	513.47	520.85	511.05	518.11	514.28	40,580,800
Jan 31, 2025	526.92	531.52	521.19	522.29	518.43	38,755,200
Jan 30, 2025	523.71	526.10	518.21	523.05	519.18	27,431,300
Jan 29, 2025	522.46	522.59	516.90	520.83	516.98	26,649,000
Jan 28, 2025	515.22	523.00	511.78	521.81	517.95	33,194,200
Jan 27, 2025	511.00	517.99	510.15	514.21	510.41	60,771,700
Jan 24, 2025	533.02	533.79	528.15	529.63	525.72	19,878,300
Jan 23, 2025	529.04	532.76	528.45	532.64	528.70	23,096,600
Jan 22, 2025	529.57	533.82	529.26	531.51	527.58	33,593,000
Jan 21, 2025	524.48	525.97	520.06	524.80	520.92	23,628,000
Jan 17, 2025	522.85	524.07	513.11	521.74	517.88	51,837,900
Jan 16, 2025	518.98	519.06	512.95	513.08	509.29	28,229,000
Jan 15, 2025	513.03	517.85	511.46	516.70	512.88	34,957,600
Jan 14, 2025	508.74	510.16	501.59	505.08	501.35	33,737,200
Jan 13, 2025	501.20	506.02	499.70	505.56	501.82	31,694,200
Jan 10, 2025	511.48	511.58	503.92	507.19	503.44	40,532,500
Jan 8, 2025	515.08	516.92	510.57	515.27	511.46	30,777,800
Jan 7, 2025	525.59	525.99	513.28	515.18	511.37	36,690,300
Jan 6, 2025	524.02	527.92	522.03	524.54	520.66	36,109,700
Jan 3, 2025	513.35	519.65	512.53	518.58	514.75	29,059,500
Jan 2, 2025	514.30	516.64	505.71	510.23	506.46	36,389,800
Dec 31, 2024	516.90	517.66	510.26	511.23	507.45	29,117,000
Dec 30, 2024	515.51	519.36	511.83	515.61	511.80	34,584,000
Dec 27, 2024	526.01	526.45	517.86	522.56	518.70	33,839,600
Dec 26, 2024	528.32	531.24	526.31	529.60	525.69	19,090,500
Dec 24, 2024	524.83	530.05	524.19	529.96	526.04	17,558,200
Dec 23, 2024	0.835 Dividend 
Dec 23, 2024	519.55	523.25	516.13	522.87	519.01	29,672,800
Dec 20, 2024	510.44	524.82	509.29	518.66	514.00	60,530,000
Dec 19, 2024	521.19	521.76	513.83	514.17	509.55	46,441,800
Dec 18, 2024	535.15	536.88	515.01	516.47	511.83	54,703,200
Dec 17, 2024	536.36	537.48	534.13	535.80	530.98	28,579,100
Dec 16, 2024	533.08	539.15	533.00	538.17	533.33	31,979,900
Dec 13, 2024	530.46	533.17	527.30	530.53	525.76	28,780,400
Dec 12, 2024	527.68	528.96	526.02	526.50	521.77	23,577,500
Dec 11, 2024	525.00	530.61	524.59	529.92	525.16	32,168,600
Dec 10, 2024	523.62	525.38	519.16	520.60	515.92	24,350,000
Dec 9, 2024	525.55	526.35	521.22	522.38	517.68	20,674,400
Dec 6, 2024	522.48	526.72	522.35	526.48	521.75	23,762,600
Dec 5, 2024	523.31	524.04	521.42	521.81	517.12	18,169,600
Dec 4, 2024	520.32	523.52	519.60	523.26	518.56	26,086,200
Dec 3, 2024	513.95	517.15	513.37	516.87	512.22	18,597,900
Dec 2, 2024	511.01	516.26	510.62	515.29	510.66	25,147,200
Nov 29, 2024	505.93	510.34	505.31	509.74	505.16	15,334,000
Nov 27, 2024	508.17	508.24	501.93	505.30	500.76	24,957,400
Nov 26, 2024	508.08	510.14	507.23	509.31	504.73	26,557,100
Nov 25, 2024	509.90	511.45	504.26	506.59	502.04	26,375,200
Nov 22, 2024	504.42	506.53	502.78	505.79	501.24	23,826,600
Nov 21, 2024	506.24	506.96	497.56	504.98	500.44	34,526,700
Nov 20, 2024	503.16	503.48	496.56	503.17	498.65	29,565,500
Nov 19, 2024	497.42	503.95	497.08	503.46	498.93	24,523,000
Nov 18, 2024	498.13	502.14	496.73	500.02	495.53	27,080,800
Nov 15, 2024	502.94	503.33	494.49	496.57	492.11	51,461,100
Nov 14, 2024	511.91	512.79	507.77	508.69	504.12	28,679,500
Nov 13, 2024	512.40	514.98	509.95	512.25	507.65	24,567,400
Nov 12, 2024	513.77	514.66	509.83	512.91	508.30	25,835,300
Nov 11, 2024	515.37	515.58	510.92	513.84	509.22	24,167,500
Nov 8, 2024	513.04	514.92	512.41	514.14	509.52	22,924,500
Nov 7, 2024	508.40	514.33	508.34	513.54	508.92	32,853,100
Nov 6, 2024	500.56	506.41	499.60	505.58	501.04	43,082,200
Nov 5, 2024	487.61	492.88	487.52	492.21	487.79	24,353,600
Nov 4, 2024	486.82	489.38	484.25	486.01	481.64	23,291,600
Nov 1, 2024	485.50	490.75	485.20	487.43	483.05	33,655,800
Oct 31, 2024	492.38	492.43	483.75	483.85	479.50	41,245,200
Oct 30, 2024	499.39	500.35	495.89	496.38	491.92	29,756,000
Oct 29, 2024	495.72	501.35	493.85	500.16	495.66	28,014,100
Oct 28, 2024	498.46	498.52	495.10	495.40	490.95	20,477,800
Oct 25, 2024	495.14	500.28	494.43	495.32	490.87	38,762,100
Oct 24, 2024	492.11	493.00	489.44	492.32	487.90	22,024,900
Oct 23, 2024	493.59	494.25	485.05	488.36	483.97	39,346,600
Oct 22, 2024	492.73	497.45	491.97	495.96	491.50	26,685,800
Oct 21, 2024	493.25	496.23	491.31	495.42	490.97	30,336,500
Oct 18, 2024	494.06	495.57	493.30	494.47	490.03	25,335,000
Oct 17, 2024	496.44	496.49	491.19	491.25	486.83	27,210,700
Oct 16, 2024	491.18	491.69	487.57	490.91	486.50	22,996,800
Oct 15, 2024	497.83	498.50	488.68	490.85	486.44	34,784,500
Oct 14, 2024	495.77	498.83	495.26	497.50	493.03	26,060,100
Oct 11, 2024	490.74	494.39	490.17	493.36	488.93	20,644,500
Oct 10, 2024	490.85	494.47	489.53	492.59	488.16	25,750,400
Oct 9, 2024	489.00	493.73	487.95	493.15	488.72	24,995,000
Oct 8, 2024	484.66	489.99	483.85	489.30	484.90	28,272,000
Oct 7, 2024	485.39	486.57	480.87	482.10	477.77	24,975,100
Oct 4, 2024	487.45	487.88	482.39	487.32	482.94	30,686,600
Oct 3, 2024	479.74	484.55	478.99	481.59	477.26	25,337,200
Oct 2, 2024	480.36	483.88	477.72	481.95	477.62	23,744,000
Oct 1, 2024	487.70	488.00	477.40	481.27	476.94	42,735,400
Sep 30, 2024	485.78	488.41	482.92	488.07	483.68	30,281,100
Sep 27, 2024	490.50	490.64	485.56	486.75	482.38	22,851,100
Sep 26, 2024	493.37	493.70	485.80	489.47	485.07	32,020,200
Sep 25, 2024	484.74	487.79	484.56	485.82	481.45	26,549,900
Sep 24, 2024	484.46	486.33	480.17	485.37	481.01	25,952,600
Sep 23, 2024	0.677 Dividend 
Sep 23, 2024	482.95	484.14	481.60	483.04	478.70	24,843,000
Sep 20, 2024	482.49	483.69	478.30	482.44	477.43	34,577,700
Sep 19, 2024	482.61	486.23	480.49	483.36	478.34	52,782,500
Sep 18, 2024	474.70	478.83	470.83	471.44	466.55	39,909,200
Sep 17, 2024	476.29	477.60	470.97	473.49	468.58	30,084,400
Sep 16, 2024	473.19	473.86	469.89	473.24	468.33	22,585,600
Sep 13, 2024	472.48	476.53	472.25	475.34	470.41	29,111,800
Sep 12, 2024	468.65	474.04	466.85	473.22	468.31	40,067,800
Sep 11, 2024	459.91	469.37	451.28	468.62	463.76	57,843,000
Sep 10, 2024	456.24	459.17	452.23	458.66	453.90	29,680,300
Sep 9, 2024	453.06	455.46	449.82	454.46	449.74	32,981,200
Sep 6, 2024	460.33	461.22	448.19	448.69	444.03	50,624,400
Sep 5, 2024	458.97	465.36	457.94	461.04	456.26	34,452,400
Sep 4, 2024	458.67	464.45	457.73	460.61	455.83	32,505,100
Sep 3, 2024	473.20	473.33	459.41	461.81	457.02	44,985,200
Aug 30, 2024	475.04	476.90	470.51	476.27	471.33	33,466,500
Aug 29, 2024	473.28	477.93	469.37	470.66	465.78	41,081,500
Aug 28, 2024	476.29	477.02	467.89	471.35	466.46	37,372,400
Aug 27, 2024	473.69	477.84	471.71	476.76	471.81	27,510,000
Aug 26, 2024	479.45	480.38	473.24	475.34	470.41	27,452,600
Aug 23, 2024	479.24	482.74	475.28	480.00	475.02	36,061,500
Aug 22, 2024	484.84	485.54	473.81	474.85	469.92	37,739,600
Aug 21, 2024	481.05	484.37	479.32	482.50	477.49	25,658,800
Aug 20, 2024	480.35	482.94	478.55	480.26	475.28	29,209,300
Aug 19, 2024	475.17	481.31	473.37	481.27	476.28	23,737,700
Aug 16, 2024	472.62	476.41	471.65	475.03	470.10	38,383,600
Aug 15, 2024	468.76	474.82	468.38	474.42	469.50	38,280,600
Aug 14, 2024	463.51	465.11	458.40	462.73	457.93	34,733,700
Aug 13, 2024	455.82	462.85	455.68	462.58	457.78	40,084,500
Aug 12, 2024	451.39	454.37	448.55	451.38	446.70	27,795,000
Aug 9, 2024	446.74	452.06	445.61	450.41	445.74	33,574,000
Aug 8, 2024	441.06	448.99	437.15	448.07	443.42	47,890,100
Aug 7, 2024	446.49	449.00	434.37	434.77	430.26	54,929,200
Aug 6, 2024	437.23	447.07	434.56	439.53	434.97	63,164,400
Aug 5, 2024	424.71	442.29	423.45	435.37	430.85	87,483,500
Aug 2, 2024	450.89	453.57	444.47	448.75	444.09	66,323,200
Aug 1, 2024	471.76	475.55	455.98	459.66	454.89	56,653,900
Jul 31, 2024	467.87	472.79	466.41	471.07	466.18	44,552,100
Jul 30, 2024	465.85	466.56	454.15	457.53	452.78	41,317,200
Jul 29, 2024	465.71	467.91	461.62	463.90	459.09	28,218,500
Jul 26, 2024	462.65	465.93	459.77	462.97	458.17	39,992,100
Jul 25, 2024	463.72	467.94	455.63	458.27	453.51	59,256,800
Jul 24, 2024	473.82	474.19	462.51	463.38	458.57	58,818,600
Jul 23, 2024	481.41	484.43	480.14	480.62	475.63	23,282,500
Jul 22, 2024	481.16	483.35	477.71	482.32	477.31	40,300,000
Jul 19, 2024	479.15	481.69	473.94	475.24	470.31	42,042,900
Jul 18, 2024	485.53	485.71	476.27	479.49	474.51	49,347,400
Jul 17, 2024	488.28	488.80	481.70	481.77	476.77	56,268,800
Jul 16, 2024	497.62	498.44	493.15	496.34	491.19	25,950,600
Jul 15, 2024	496.61	501.01	494.09	496.15	491.00	31,151,400
Jul 12, 2024	492.51	499.62	492.04	494.82	489.68	37,109,400
Jul 11, 2024	503.07	503.28	490.73	491.93	486.82	49,966,600
Jul 10, 2024	499.71	503.52	498.39	502.96	497.74	28,046,900
Jul 9, 2024	498.87	500.00	496.24	497.77	492.60	25,614,500
Jul 8, 2024	496.53	497.90	495.50	497.34	492.18	22,109,400
Jul 5, 2024	491.89	496.60	491.59	496.16	491.01	28,495,900
Jul 3, 2024	486.22	491.17	486.22	491.04	485.94	18,064,900
Jul 2, 2024	480.41	487.04	480.28	486.98	481.93	26,723,600
Jul 1, 2024	480.04	482.49	476.26	481.92	476.92	24,898,300
Jun 28, 2024	482.41	487.20	478.46	479.11	474.14	34,881,600
Jun 27, 2024	480.12	483.10	479.30	481.61	476.61	26,222,100
Jun 26, 2024	478.55	480.92	478.13	480.37	475.38	22,737,100
Jun 25, 2024	476.07	479.68	475.12	479.38	474.40	29,014,700
Jun 24, 2024	0.762 Dividend 
Jun 24, 2024	478.18	479.93	473.82	473.96	469.04	37,751,000
Jun 21, 2024	481.19	482.54	478.67	480.18	474.44	37,456,800
Jun 20, 2024	486.42	486.84	479.62	481.47	475.72	33,918,700
Jun 18, 2024	485.01	485.90	483.43	485.21	479.41	24,438,600
Jun 17, 2024	479.46	486.86	478.14	485.06	479.26	37,054,500
Jun 14, 2024	476.52	479.26	476.05	479.19	473.46	23,372,600
Jun 13, 2024	477.72	478.39	474.42	476.72	471.02	25,859,000
Jun 12, 2024	471.99	476.50	471.29	474.15	468.48	34,532,600
Jun 11, 2024	463.54	468.14	462.03	468.02	462.43	22,053,300
Jun 10, 2024	461.82	465.19	461.53	464.83	459.28	20,660,800
Jun 7, 2024	463.00	465.74	461.84	462.96	457.43	25,829,700
Jun 6, 2024	464.22	464.54	462.19	463.37	457.83	21,966,800
Jun 5, 2024	457.98	463.61	454.41	463.53	457.99	33,817,400
Jun 4, 2024	452.87	455.58	451.13	454.37	448.94	23,767,400
Jun 3, 2024	454.57	455.58	447.90	453.13	447.72	32,997,500
May 31, 2024	451.78	452.48	443.06	450.71	445.32	55,941,300
May 30, 2024	455.50	455.64	450.21	451.55	446.15	30,536,800
May 29, 2024	455.48	458.24	455.34	456.44	450.99	29,739,200
May 28, 2024	459.18	459.74	456.69	459.68	454.19	26,216,800
May 24, 2024	455.29	459.23	453.57	457.95	452.48	29,669,500
May 23, 2024	460.55	460.58	451.85	453.66	448.24	40,899,200
May 22, 2024	456.06	456.82	453.08	455.71	450.26	25,120,000
May 21, 2024	453.04	455.99	452.84	455.80	450.35	23,167,700
May 20, 2024	451.98	455.58	451.79	454.91	449.47	24,474,200
May 17, 2024	452.11	452.72	449.54	451.76	446.36	35,803,700
May 16, 2024	452.71	454.69	451.81	451.98	446.58	34,780,400
May 15, 2024	448.43	453.15	446.90	452.90	447.49	41,464,700
May 14, 2024	442.65	446.47	442.46	445.93	440.60	34,478,300
May 13, 2024	443.99	444.09	441.65	443.08	437.79	22,994,200
May 10, 2024	442.54	444.31	440.50	442.06	436.78	27,116,600
May 9, 2024	440.33	441.60	438.46	441.02	435.75	24,580,100
May 8, 2024	437.67	441.48	437.55	440.06	434.80	24,896,700
May 7, 2024	440.70	441.97	439.58	440.32	435.06	30,996,100
May 6, 2024	437.30	440.34	436.52	440.25	434.99	30,227,200
May 3, 2024	434.44	436.48	432.62	435.48	430.28	48,515,300
May 2, 2024	425.30	427.81	420.63	426.90	421.80	36,559,000
May 1, 2024	423.15	430.14	420.66	421.52	416.48	52,251,700
Apr 30, 2024	431.15	432.56	424.51	424.59	419.52	43,665,900
Apr 29, 2024	433.13	433.76	429.98	432.75	427.58	30,022,200
Apr 26, 2024	427.62	432.55	426.92	431.00	425.85	41,874,900
Apr 25, 2024	419.24	425.32	418.14	424.45	419.38	57,392,200
Apr 24, 2024	428.20	429.73	424.20	426.51	421.41	48,440,300
Apr 23, 2024	420.77	426.28	418.87	425.07	419.99	44,384,700
Apr 22, 2024	417.31	421.18	413.94	418.82	413.82	47,807,700
Apr 19, 2024	422.22	422.75	413.07	414.65	409.70	75,231,000
Apr 18, 2024	426.49	428.24	422.83	423.41	418.35	46,549,400
Apr 17, 2024	433.10	433.12	424.90	425.84	420.75	56,880,500
Apr 16, 2024	430.90	433.76	429.70	431.10	425.95	47,619,000
Apr 15, 2024	442.06	442.15	430.21	431.06	425.91	63,453,600
Apr 12, 2024	441.10	442.24	436.88	438.27	433.03	53,665,000
Apr 11, 2024	440.26	446.33	437.96	445.37	440.05	45,474,600
Apr 10, 2024	437.00	439.24	436.28	438.37	433.13	61,502,200
Apr 9, 2024	442.96	443.24	437.44	442.23	436.95	39,443,600
Apr 8, 2024	441.41	442.50	439.20	440.60	435.34	28,144,900
Apr 5, 2024	436.78	443.17	435.96	440.47	435.21	54,744,600
Apr 4, 2024	446.33	446.95	435.11	435.34	430.14	57,267,700
Apr 3, 2024	438.96	444.00	438.95	442.10	436.82	39,949,800
Apr 2, 2024	440.08	441.43	438.03	441.11	435.84	44,259,700
Apr 1, 2024	444.97	447.53	443.02	444.95	439.63	38,729,000
Mar 28, 2024	444.78	445.64	443.65	444.01	438.70	36,839,600
Mar 27, 2024	446.44	446.54	441.93	444.83	439.51	41,359,200
Mar 26, 2024	446.30	447.23	443.09	443.32	438.02	34,142,000
Mar 25, 2024	443.55	446.26	442.54	444.76	439.45	27,789,200
Mar 22, 2024	445.35	447.49	444.49	446.38	441.05	28,253,900
Mar 21, 2024	448.88	449.34	445.67	445.87	440.54	39,345,700
Mar 20, 2024	439.78	444.11	438.06	443.77	438.47	43,653,500
Mar 19, 2024	435.45	438.98	433.33	438.57	433.33	43,004,100
Mar 18, 2024	0.573 Dividend 
Mar 18, 2024	438.73	441.04	437.24	437.48	432.25	47,323,800
Mar 15, 2024	436.07	438.87	432.74	433.92	428.17	73,069,800
Mar 14, 2024	441.50	442.03	436.39	439.14	433.32	52,195,200
Mar 13, 2024	442.65	442.67	439.12	440.25	434.42	37,928,700
Mar 12, 2024	439.73	444.02	436.46	443.66	437.78	55,300,900
Mar 11, 2024	437.51	438.66	435.44	437.39	431.59	45,860,000
Mar 8, 2024	445.81	448.64	438.34	439.02	433.20	72,096,000
Mar 7, 2024	442.42	446.72	440.86	445.45	439.55	44,526,700
Mar 6, 2024	440.32	441.99	436.89	438.79	432.97	46,234,500
Mar 5, 2024	440.94	440.95	433.65	436.05	430.27	57,917,100
Mar 4, 2024	445.61	446.04	443.77	444.02	438.14	34,325,700
Mar 1, 2024	439.90	446.58	439.84	445.61	439.70	43,853,000
Feb 29, 2024	438.23	440.09	435.02	439.00	433.18	42,495,200
Feb 28, 2024	435.43	436.67	434.30	435.27	429.50	32,938,800
Feb 27, 2024	437.67	437.99	435.03	437.60	431.80	33,713,200
Feb 26, 2024	437.60	438.60	436.36	436.55	430.76	33,043,200
Feb 23, 2024	439.65	440.59	435.79	436.78	430.99	39,853,900
Feb 22, 2024	434.49	439.12	433.71	438.07	432.26	53,887,800
Feb 21, 2024	424.55	425.70	421.63	425.61	419.97	49,779,000
Feb 20, 2024	428.55	430.08	423.50	427.32	421.66	53,999,500
Feb 16, 2024	434.89	434.99	429.85	430.57	424.86	53,716,500
Feb 15, 2024	433.92	434.98	431.33	434.51	428.75	38,796,100
Feb 14, 2024	431.26	433.65	428.88	433.22	427.48	45,092,700
Feb 13, 2024	427.28	431.27	425.33	428.55	422.87	64,491,700
Feb 12, 2024	436.94	439.14	434.65	435.34	429.57	33,203,300
Feb 9, 2024	433.94	437.85	433.14	437.05	431.26	36,943,900
Feb 8, 2024	432.11	433.56	431.42	432.79	427.05	29,889,900
Feb 7, 2024	430.41	432.83	429.09	431.99	426.26	37,712,700
Feb 6, 2024	429.61	430.22	425.22	427.59	421.92	35,846,100
Feb 5, 2024	429.07	429.61	425.00	428.45	422.77	39,889,200
Feb 2, 2024	423.80	430.24	422.79	429.01	423.32	59,602,400
Feb 1, 2024	418.79	422.38	417.81	421.88	416.29	51,008,600
Jan 31, 2024	420.85	422.87	416.79	416.97	411.44	64,010,600
Jan 30, 2024	427.10	427.68	424.38	425.30	419.66	36,739,000
Jan 29, 2024	424.27	428.35	423.61	428.15	422.48	38,694,700
Jan 26, 2024	424.44	426.21	423.15	423.81	418.19	37,137,000
Jan 25, 2024	428.36	429.04	423.98	426.35	420.70	44,367,200
Jan 24, 2024	427.44	429.85	425.33	425.83	420.19	46,948,000
Jan 23, 2024	422.43	423.70	420.57	423.48	417.87	33,003,800
Jan 22, 2024	423.41	424.73	421.12	421.73	416.14	44,880,600
Jan 19, 2024	415.22	421.34	414.63	421.18	415.60	70,325,100
Jan 18, 2024	410.52	413.58	409.16	412.99	407.52	59,562,500
Jan 17, 2024	406.17	407.59	402.92	407.21	401.81	54,386,000
Jan 16, 2024	408.31	411.12	406.83	409.52	404.09	43,903,000
Jan 12, 2024	410.40	411.25	408.15	409.56	404.13	39,595,000
Jan 11, 2024	409.79	411.20	404.24	409.35	403.92	54,536,200
Jan 10, 2024	406.07	409.52	405.17	408.50	403.09	33,962,800
Jan 9, 2024	401.91	406.69	401.71	405.75	400.37	39,132,900
Jan 8, 2024	397.99	405.24	397.84	404.95	399.58	42,473,800
Jan 5, 2024	396.45	399.56	395.34	396.75	391.49	44,922,800
Jan 4, 2024	396.44	399.59	396.06	396.28	391.03	39,432,800
Jan 3, 2024	399.93	401.00	397.89	398.33	393.05	47,002,800
Jan 2, 2024	405.84	406.09	400.24	402.59	397.25	58,026,900
Dec 29, 2023	411.28	411.64	407.58	409.52	404.09	42,662,100
Dec 28, 2023	412.67	412.92	410.94	411.30	405.85	27,029,200
Dec 27, 2023	0.216 Dividend 
Dec 27, 2023	410.95	411.79	410.08	411.50	406.05	31,980,500
Dec 26, 2023	409.25	411.56	409.15	410.88	405.22	22,722,500
Dec 22, 2023	409.00	409.97	406.48	408.38	402.76	34,314,000
Dec 21, 2023	407.06	408.14	404.47	407.77	402.15	45,568,900
Dec 20, 2023	408.35	410.47	402.90	403.08	397.53	54,042,400
Dec 19, 2023	407.54	409.28	407.35	409.16	403.52	35,711,900
Dec 18, 2023	0.808 Dividend 
Dec 18, 2023	404.93	407.99	404.60	407.08	401.47	46,610,000
Dec 15, 2023	404.18	406.54	403.57	405.34	398.96	62,896,600
Dec 14, 2023	404.98	406.30	400.34	403.39	397.04	55,447,800
Dec 13, 2023	399.62	404.36	398.84	403.74	397.39	55,408,100
Dec 12, 2023	395.56	398.79	394.41	398.67	392.40	39,221,200
Dec 11, 2023	391.74	395.79	391.53	395.52	389.30	41,198,000
Dec 8, 2023	388.67	392.62	388.48	392.17	386.00	46,687,500
Dec 7, 2023	388.07	391.27	386.96	390.43	384.29	49,593,500
Dec 6, 2023	390.27	390.37	384.70	385.05	378.99	41,994,100
Dec 5, 2023	384.39	388.50	384.21	387.29	381.19	42,933,000
Dec 4, 2023	386.09	386.60	382.66	386.32	380.24	51,186,900
Dec 1, 2023	387.75	390.54	386.07	389.94	383.80	40,490,100
Nov 30, 2023	390.08	390.55	385.82	388.83	382.71	52,834,400
Nov 29, 2023	392.69	394.14	389.46	389.81	383.67	38,811,700
Nov 28, 2023	388.41	390.78	388.05	390.19	384.05	35,491,100
Nov 27, 2023	389.01	391.15	388.28	389.17	383.05	34,139,700
Nov 24, 2023	389.65	390.25	388.50	389.51	383.38	15,718,800
Nov 22, 2023	390.57	393.07	389.04	390.06	383.92	44,121,000
Nov 21, 2023	389.01	389.23	386.70	388.47	382.36	43,337,000
Nov 20, 2023	386.05	391.41	386.05	390.74	384.59	44,429,600
Nov 17, 2023	385.21	387.07	384.29	386.04	379.96	46,571,900
Nov 16, 2023	384.84	386.19	383.56	385.95	379.88	45,343,500
Nov 15, 2023	387.25	387.75	384.24	385.62	379.55	54,141,400
Nov 14, 2023	383.71	386.26	383.18	385.33	379.27	67,792,600
Nov 13, 2023	376.79	378.28	375.24	377.21	371.27	40,733,500
Nov 10, 2023	371.82	378.54	371.28	378.39	372.43	58,309,800
Nov 9, 2023	373.64	374.80	369.57	370.07	364.25	53,859,400
Nov 8, 2023	373.08	373.79	370.62	372.94	367.07	35,663,400
Nov 7, 2023	370.27	373.58	369.05	372.70	366.83	50,777,400
Nov 6, 2023	368.49	369.78	366.91	369.21	363.40	38,848,700
Nov 3, 2023	364.75	369.02	364.52	367.71	361.92	53,280,500
Nov 2, 2023	361.54	363.68	360.30	363.44	357.72	58,162,400
Nov 1, 2023	351.72	357.53	351.62	356.96	351.34	58,992,700
Oct 31, 2023	349.23	351.25	346.62	350.87	345.35	47,671,900
Oct 30, 2023	347.83	350.54	346.45	349.20	343.70	55,298,500
Oct 27, 2023	346.43	348.84	344.08	345.31	339.88	63,476,700
Oct 26, 2023	349.12	350.07	342.35	343.66	338.25	78,621,400
Oct 25, 2023	356.70	356.88	349.75	350.34	344.83	71,190,500
Oct 24, 2023	357.51	359.91	355.79	359.13	353.48	47,082,100
Oct 23, 2023	353.26	359.26	351.12	355.67	350.07	60,665,200
Oct 20, 2023	359.46	360.04	354.37	354.60	349.02	72,559,700
Oct 19, 2023	364.81	366.02	359.16	359.97	354.30	72,274,200
Oct 18, 2023	365.67	367.91	362.02	363.37	357.65	54,280,500
Oct 17, 2023	365.81	369.92	363.66	368.20	362.41	50,999,100
Oct 16, 2023	366.62	370.48	366.47	369.41	363.60	44,201,100
Oct 13, 2023	370.57	371.16	363.86	365.28	359.53	52,469,900
Oct 12, 2023	371.73	373.74	367.50	369.93	364.11	49,587,900
Oct 11, 2023	369.94	371.41	368.19	371.22	365.38	38,215,100
Oct 10, 2023	366.90	371.28	366.39	368.59	362.79	46,968,800
Oct 9, 2023	362.30	367.11	360.78	366.56	360.79	45,304,800
Oct 6, 2023	355.65	365.91	354.85	364.70	358.96	75,049,100
Oct 5, 2023	359.74	360.15	355.14	358.69	353.04	45,897,400
Oct 4, 2023	355.77	360.61	355.30	359.75	354.09	54,786,700
Oct 3, 2023	358.78	361.01	353.28	354.92	349.33	60,478,500
Oct 2, 2023	358.54	362.68	357.92	361.26	355.57	51,625,100
Sep 29, 2023	361.54	362.95	357.02	358.27	352.63	64,829,600
Sep 28, 2023	354.11	360.17	353.24	358.01	352.38	56,453,300
Sep 27, 2023	355.38	356.98	351.36	355.04	349.45	56,066,000
Sep 26, 2023	356.99	357.54	353.21	354.21	348.64	53,657,700
Sep 25, 2023	356.93	359.70	355.93	359.61	353.95	39,168,000
Sep 22, 2023	359.63	361.80	357.59	357.91	352.28	51,589,700
Sep 21, 2023	360.80	361.60	357.69	357.86	352.23	69,734,800
Sep 20, 2023	370.95	371.31	364.46	364.54	358.80	45,514,200
Sep 19, 2023	369.32	370.68	366.80	369.87	364.05	37,621,700
Sep 18, 2023	0.536 Dividend 
Sep 18, 2023	369.32	371.79	369.03	370.66	364.83	36,903,500
Sep 15, 2023	375.91	376.32	369.86	370.81	364.45	69,811,200
Sep 14, 2023	375.99	378.27	373.89	377.27	370.80	48,039,400
Sep 13, 2023	373.03	375.84	371.88	374.21	367.79	46,300,700
Sep 12, 2023	375.27	376.95	372.50	372.79	366.39	41,391,000
Sep 11, 2023	375.66	377.49	373.66	376.97	370.50	39,936,600
Sep 8, 2023	372.01	374.85	371.60	372.58	366.19	35,800,100
Sep 7, 2023	370.21	372.85	369.15	372.06	365.68	52,060,700
Sep 6, 2023	377.28	377.63	372.70	374.74	368.31	42,998,700
Sep 5, 2023	376.77	379.31	375.83	378.07	371.58	32,344,200
Sep 1, 2023	380.40	380.83	376.08	377.59	371.11	39,801,200
Aug 31, 2023	376.94	379.72	376.87	377.99	371.50	35,730,700
Aug 30, 2023	374.88	377.45	373.86	376.86	370.39	41,731,500
Aug 29, 2023	366.56	375.13	366.23	374.77	368.34	58,492,400
Aug 28, 2023	366.99	367.71	364.25	366.76	360.47	40,910,000
Aug 25, 2023	362.07	365.74	358.58	364.02	357.77	69,960,500
Aug 24, 2023	372.64	372.74	361.01	361.22	355.02	66,842,500
Aug 23, 2023	364.58	370.22	364.36	369.11	362.78	51,770,600
Aug 22, 2023	366.55	366.56	362.68	363.38	357.14	44,530,200
Aug 21, 2023	359.62	364.59	359.15	363.90	357.65	50,696,500
Aug 18, 2023	355.26	359.41	354.71	358.13	351.98	61,191,400
Aug 17, 2023	363.96	364.31	358.16	358.58	352.43	62,604,300
Aug 16, 2023	365.87	367.43	362.44	362.54	356.32	53,190,500
Aug 15, 2023	369.36	370.17	365.74	366.42	360.13	45,539,900
Aug 14, 2023	365.43	370.47	364.70	370.35	363.99	42,130,800
Aug 11, 2023	365.99	368.00	364.69	366.24	359.95	48,707,200
Aug 10, 2023	370.97	374.36	367.04	368.59	362.26	72,035,300
Aug 9, 2023	372.29	372.45	367.14	367.91	361.60	51,150,900
Aug 8, 2023	372.64	372.66	368.82	372.00	365.62	44,726,500
Aug 7, 2023	373.88	375.29	371.51	375.19	368.75	37,230,400
Aug 4, 2023	375.75	378.10	371.53	372.04	365.66	61,702,800
Aug 3, 2023	371.94	375.95	371.77	373.79	367.38	47,666,400
Aug 2, 2023	379.26	379.26	373.13	374.39	367.97	72,687,100
Aug 1, 2023	382.31	383.56	380.69	382.79	376.22	41,060,600
Jul 31, 2023	383.79	384.88	382.34	383.68	377.10	44,019,900
Jul 28, 2023	380.74	384.52	380.22	383.48	376.90	56,902,900
Jul 27, 2023	383.07	384.71	375.31	376.62	370.16	63,940,200
Jul 26, 2023	377.72	379.24	375.18	377.52	371.04	47,075,700
Jul 25, 2023	376.95	380.47	376.93	378.78	372.28	38,894,400
Jul 24, 2023	376.62	377.58	374.34	376.23	369.77	40,380,100
Jul 21, 2023	379.18	379.92	375.19	375.63	369.18	60,499,600
Jul 20, 2023	382.61	384.10	375.72	376.76	370.29	71,941,700
Jul 19, 2023	386.82	387.98	384.30	385.65	379.03	54,093,000
Jul 18, 2023	381.96	387.13	380.00	385.74	379.12	55,262,000
Jul 17, 2023	379.80	383.50	379.31	382.61	376.04	40,868,900
Jul 14, 2023	379.59	382.86	378.18	379.07	372.56	55,148,500
Jul 13, 2023	376.05	379.99	375.46	379.15	372.64	46,960,000
Jul 12, 2023	372.34	374.19	370.30	372.82	366.42	61,975,400
Jul 11, 2023	366.79	368.63	364.62	368.17	361.85	38,214,100
Jul 10, 2023	365.96	367.05	363.41	366.36	360.07	48,498,800
Jul 7, 2023	367.23	370.48	366.01	366.24	359.95	47,133,700
Jul 6, 2023	366.51	367.91	364.52	367.46	361.15	49,374,700
Jul 5, 2023	368.70	372.01	368.66	370.28	363.93	34,460,900
Jul 3, 2023	370.07	370.93	368.97	370.29	363.94	19,432,900
Jun 30, 2023	367.55	370.49	367.23	369.42	363.08	58,712,500
Jun 29, 2023	364.24	364.89	362.14	363.81	357.57	46,151,000
Jun 28, 2023	361.98	366.52	361.90	364.54	358.28	46,498,000
Jun 27, 2023	359.25	364.57	358.51	363.83	357.59	49,428,100
Jun 26, 2023	362.00	364.84	357.59	357.68	351.54	52,685,500
Jun 23, 2023	362.21	364.88	360.82	362.54	356.32	48,922,900
Jun 22, 2023	360.63	366.33	360.22	366.17	359.89	47,603,000
Jun 21, 2023	365.74	366.18	360.96	361.90	355.69	53,378,300
Jun 20, 2023	0.504 Dividend 
Jun 20, 2023	365.95	368.32	363.89	366.90	360.60	49,204,700
Jun 16, 2023	372.72	372.85	367.48	367.93	361.12	80,932,000
Jun 15, 2023	364.61	371.77	363.98	370.26	363.41	71,138,800
Jun 14, 2023	363.27	366.19	360.42	365.90	359.13	69,525,600
Jun 13, 2023	363.29	364.11	360.03	363.26	356.54	57,097,800
Jun 12, 2023	356.19	360.59	355.20	360.49	353.82	44,606,500
Jun 9, 2023	354.63	357.66	353.03	354.50	347.94	53,196,900
Jun 8, 2023	349.12	353.62	348.89	353.15	346.61	47,153,900
Jun 7, 2023	355.13	357.12	348.18	348.82	342.36	69,225,900
Jun 6, 2023	354.28	355.82	352.93	354.84	348.27	41,390,400
Jun 5, 2023	354.43	357.50	353.85	354.90	348.33	47,266,200
Jun 2, 2023	353.80	355.83	352.01	354.65	348.09	53,372,100
Jun 1, 2023	347.73	353.36	346.66	352.01	345.50	50,488,600
May 31, 2023	348.37	350.60	346.51	347.99	341.55	65,105,400
May 30, 2023	352.71	353.93	348.53	349.98	343.50	72,652,200
May 26, 2023	340.76	349.25	340.66	348.40	341.95	63,007,000
May 25, 2023	339.14	341.01	336.67	339.72	333.43	66,862,800
May 24, 2023	331.37	332.91	329.56	331.65	325.51	62,891,200
May 23, 2023	335.89	337.06	333.00	333.36	327.19	48,216,700
May 22, 2023	336.25	338.67	336.24	337.64	331.39	43,015,900
May 19, 2023	337.49	338.21	335.43	336.51	330.28	61,554,900
May 18, 2023	331.52	337.49	331.50	337.27	331.03	64,213,500
May 17, 2023	328.24	331.71	327.04	331.12	324.99	47,486,100
May 16, 2023	326.06	328.90	326.02	327.16	321.11	40,019,200
May 15, 2023	325.51	327.03	323.96	326.79	320.74	33,375,600
May 12, 2023	326.74	327.17	322.94	325.03	319.01	48,432,800
May 11, 2023	325.70	326.75	324.12	326.20	320.16	44,278,500
May 10, 2023	324.12	326.01	321.60	325.14	319.12	60,446,600
May 9, 2023	322.00	322.88	321.32	321.64	315.69	31,768,800
May 8, 2023	322.42	324.04	321.32	323.69	317.70	36,465,800
May 5, 2023	318.47	323.76	316.21	322.89	316.91	51,806,100
May 4, 2023	317.06	318.23	315.12	316.17	310.32	50,224,500
May 3, 2023	319.75	322.47	317.18	317.29	311.42	59,882,100
May 2, 2023	322.12	322.45	317.61	319.38	313.47	56,519,400
May 1, 2023	322.09	323.63	321.09	322.19	316.23	41,013,400
Apr 28, 2023	320.11	322.65	318.96	322.56	316.59	59,712,600
Apr 27, 2023	315.70	320.86	315.05	320.35	314.42	65,430,400
Apr 26, 2023	313.44	314.94	311.34	311.87	306.10	55,400,500
Apr 25, 2023	314.29	314.97	309.89	309.99	304.25	57,121,600
Apr 24, 2023	316.38	317.74	313.74	315.95	310.10	44,043,100
Apr 21, 2023	315.91	317.40	314.10	316.61	310.75	59,002,300
Apr 20, 2023	315.69	319.27	314.97	316.28	310.43	62,462,100
Apr 19, 2023	316.41	319.79	316.28	318.71	312.81	38,960,100
Apr 18, 2023	320.99	321.42	317.64	318.86	312.96	46,746,900
Apr 17, 2023	318.15	319.20	316.04	318.84	312.94	43,007,000
Apr 14, 2023	317.59	320.36	315.61	318.57	312.67	56,278,300
Apr 13, 2023	314.83	319.65	313.63	319.17	313.26	54,613,800
Apr 12, 2023	317.82	318.42	312.57	313.04	307.25	62,813,300
Apr 11, 2023	317.83	317.89	315.31	315.83	309.98	40,113,600
Apr 10, 2023	315.07	317.92	313.25	317.87	311.99	45,134,700
Apr 6, 2023	314.24	318.55	312.82	318.05	312.16	46,916,500
Apr 5, 2023	318.10	319.06	314.07	315.92	310.07	62,795,700
Apr 4, 2023	320.60	321.63	317.83	319.07	313.16	45,875,400
Apr 3, 2023	318.77	320.42	317.42	320.15	314.22	47,126,800
Mar 31, 2023	315.91	321.17	315.60	320.93	314.99	62,138,100
Mar 30, 2023	315.24	316.32	312.81	315.68	309.84	58,354,800
Mar 29, 2023	310.88	313.35	310.05	312.72	306.93	53,274,300
Mar 28, 2023	308.17	308.20	304.77	307.12	301.44	48,585,900
Mar 27, 2023	311.60	312.70	307.89	308.76	303.05	50,287,400
Mar 24, 2023	309.32	310.99	306.95	310.89	305.14	57,195,200
Mar 23, 2023	309.92	314.15	307.01	309.75	304.02	74,576,000
Mar 22, 2023	310.27	315.25	305.95	306.12	300.45	75,791,900
Mar 21, 2023	307.94	310.80	306.40	310.34	304.60	49,757,000
Mar 20, 2023	0.472 Dividend 
Mar 20, 2023	304.26	306.30	302.01	305.97	300.31	56,359,500
Mar 17, 2023	306.72	309.15	303.37	305.36	299.25	89,923,700
Mar 16, 2023	298.00	307.18	297.19	306.81	300.67	98,198,100
Mar 15, 2023	294.71	299.27	293.24	298.93	292.94	83,631,500
Mar 14, 2023	294.31	297.93	293.45	297.37	291.42	73,602,500
Mar 13, 2023	286.73	294.47	285.19	290.69	284.87	97,123,600
Mar 10, 2023	292.83	294.35	287.38	288.55	282.77	98,593,600
Mar 9, 2023	298.33	300.98	291.83	292.66	286.80	71,456,700
Mar 8, 2023	296.77	298.43	294.88	297.82	291.86	50,876,300
Mar 7, 2023	300.07	301.01	295.72	296.34	290.41	65,955,800
Mar 6, 2023	300.94	304.00	299.82	300.02	294.01	56,736,300
Mar 3, 2023	295.39	299.92	294.87	299.68	293.68	60,511,500
Mar 2, 2023	288.66	294.43	288.37	293.61	287.73	53,565,900
Mar 1, 2023	293.26	293.93	290.20	291.20	285.37	58,287,000
Feb 28, 2023	293.30	296.12	292.96	293.56	287.68	48,243,100
Feb 27, 2023	295.07	296.49	293.34	293.94	288.05	48,995,000
Feb 24, 2023	291.76	292.97	290.05	291.85	286.01	74,332,000
Feb 23, 2023	297.97	298.13	292.55	296.82	290.88	69,294,400
Feb 22, 2023	294.62	296.36	292.56	294.25	288.36	51,389,200
Feb 21, 2023	297.26	298.73	293.89	294.03	288.14	46,526,700
Feb 17, 2023	301.07	301.93	298.10	301.16	295.13	58,230,700
Feb 16, 2023	304.38	308.43	303.15	303.30	297.23	59,498,600
Feb 15, 2023	304.90	309.27	304.20	309.10	302.91	43,100,600
Feb 14, 2023	302.89	307.72	300.91	306.75	300.61	64,079,100
Feb 13, 2023	301.13	305.10	299.93	304.50	298.40	39,636,700
Feb 10, 2023	299.48	301.57	297.25	299.70	293.70	50,050,100
Feb 9, 2023	308.84	308.99	300.20	301.68	295.64	49,137,800
Feb 8, 2023	308.54	309.50	303.67	304.37	298.28	56,720,900
Feb 7, 2023	303.46	311.03	302.32	309.88	303.67	67,584,000
Feb 6, 2023	303.51	305.91	302.22	303.59	297.51	40,802,300
Feb 3, 2023	304.94	312.39	304.54	306.18	300.05	76,170,800
Feb 2, 2023	307.57	313.68	306.73	311.72	305.48	83,070,600
Feb 1, 2023	294.41	303.43	292.30	300.92	294.89	67,562,200
Jan 31, 2023	290.31	294.72	290.20	294.62	288.72	46,705,100
Jan 30, 2023	292.93	294.38	289.89	290.27	284.46	49,405,800
Jan 27, 2023	292.00	298.26	291.88	296.26	290.33	56,441,900
Jan 26, 2023	291.22	293.52	288.52	293.34	287.47	51,596,300
Jan 25, 2023	283.77	288.36	281.18	287.73	281.97	50,872,000
Jan 24, 2023	287.31	289.55	286.78	288.37	282.60	44,875,100
Jan 23, 2023	283.54	290.21	282.73	288.96	283.17	52,799,900
Jan 20, 2023	276.79	283.02	275.71	282.68	277.02	60,613,600
Jan 19, 2023	276.22	277.38	273.89	275.15	269.64	44,150,400
Jan 18, 2023	283.11	284.69	277.67	277.88	272.32	47,754,500
Jan 17, 2023	280.77	282.85	279.58	281.54	275.90	36,269,700
Jan 13, 2023	276.50	281.22	276.16	280.97	275.34	44,802,900
Jan 12, 2023	278.12	280.10	273.74	279.05	273.46	60,600,000
Jan 11, 2023	273.92	277.66	273.12	277.55	271.99	44,077,000
Jan 10, 2023	269.49	272.94	268.97	272.83	267.37	35,247,800
Jan 9, 2023	270.83	275.29	269.92	270.54	265.12	45,568,700
Jan 6, 2023	263.35	269.94	260.34	268.80	263.42	54,659,700
Jan 5, 2023	264.04	264.21	261.26	261.58	256.34	45,396,700
Jan 4, 2023	266.64	267.45	262.53	265.74	260.42	47,754,900
Jan 3, 2023	268.65	270.15	262.13	264.48	259.18	42,335,300
Dec 30, 2022	263.62	266.41	262.29	266.28	260.95	37,858,300
Dec 29, 2022	262.96	267.40	262.25	266.44	261.10	45,893,600
Dec 28, 2022	263.17	265.47	259.73	260.10	254.89	47,139,000
Dec 27, 2022	266.74	266.85	263.03	263.58	258.30	38,009,000
Dec 23, 2022	265.47	268.04	263.53	267.36	262.01	39,373,600
Dec 22, 2022	270.38	270.51	262.46	266.76	261.42	60,278,400
Dec 21, 2022	270.60	274.78	269.74	273.45	267.97	46,394,700
Dec 20, 2022	268.56	271.32	266.95	269.54	264.14	51,064,200
Dec 19, 2022	0.655 Dividend 
Dec 19, 2022	273.87	273.96	268.49	269.75	264.35	44,167,900
Dec 16, 2022	276.20	277.77	272.61	274.25	268.12	68,300,400
Dec 15, 2022	282.33	283.01	275.67	276.89	270.70	60,554,100
Dec 14, 2022	288.05	291.41	283.19	286.51	280.10	64,984,400
Dec 13, 2022	296.65	296.88	285.91	288.65	282.19	80,667,700
Dec 12, 2022	282.22	285.64	281.16	285.58	279.19	35,732,500
Dec 9, 2022	282.81	285.64	281.59	282.04	275.73	47,860,500
Dec 8, 2022	281.91	284.84	279.79	283.85	277.50	42,594,900
Dec 7, 2022	280.47	282.57	278.78	280.53	274.26	45,614,300
Dec 6, 2022	287.48	287.62	280.26	281.68	275.38	53,937,600
Dec 5, 2022	290.38	291.68	286.15	287.64	281.21	41,482,100
Dec 2, 2022	288.54	293.45	288.36	292.55	286.01	53,583,200
Dec 1, 2022	293.69	295.75	290.88	293.72	287.15	51,547,300
Nov 30, 2022	280.84	293.47	279.97	293.36	286.80	74,718,100
Nov 29, 2022	282.94	283.35	279.17	280.57	274.30	35,618,900
Nov 28, 2022	284.90	286.96	281.76	282.71	276.39	38,714,200
Nov 25, 2022	287.19	287.91	286.42	286.92	280.50	15,498,800
Nov 23, 2022	285.97	289.46	285.79	288.82	282.36	46,390,000
Nov 22, 2022	282.64	286.11	280.46	285.95	279.55	41,873,400
Nov 21, 2022	283.40	284.58	281.04	281.89	275.59	40,083,500
Nov 18, 2022	287.89	287.99	282.32	284.82	278.45	53,588,600
Nov 17, 2022	280.88	286.32	280.72	284.81	278.44	55,462,100
Nov 16, 2022	287.39	289.48	284.60	285.44	279.06	48,859,800
Nov 15, 2022	292.21	293.26	285.97	289.39	282.92	73,985,400
Nov 14, 2022	285.86	289.21	284.44	285.44	279.06	55,290,700
Nov 11, 2022	282.56	288.64	281.19	287.96	281.52	66,961,800
Nov 10, 2022	276.01	283.05	273.85	282.75	276.43	99,256,700
Nov 9, 2022	267.76	268.56	263.03	263.32	257.43	64,862,100
Nov 8, 2022	269.14	272.85	265.52	269.54	263.51	63,213,800
Nov 7, 2022	265.75	268.14	263.57	267.59	261.61	47,333,800
Nov 4, 2022	265.53	266.61	259.08	264.68	258.76	78,313,200
Nov 3, 2022	263.01	264.50	260.10	260.49	254.66	70,038,900
Nov 2, 2022	275.08	278.21	265.61	265.68	259.74	79,803,100
Nov 1, 2022	281.50	282.07	274.74	275.11	268.96	45,895,900
Oct 31, 2022	278.92	279.76	275.99	277.95	271.73	47,742,000
Oct 28, 2022	272.23	281.70	272.06	281.22	274.93	62,651,300
Oct 27, 2022	276.79	278.28	272.34	272.87	266.77	57,760,300
Oct 26, 2022	278.46	283.98	277.43	277.93	271.71	63,492,400
Oct 25, 2022	279.41	284.60	277.90	284.21	277.85	59,014,500
Oct 24, 2022	275.69	279.40	271.97	278.45	272.22	63,963,600
Oct 21, 2022	267.98	275.97	266.82	275.42	269.26	77,897,700
Oct 20, 2022	269.58	274.84	267.92	269.11	263.09	60,605,500
Oct 19, 2022	269.93	273.68	268.07	270.49	264.44	53,115,400
Oct 18, 2022	276.53	277.21	268.74	271.48	265.41	69,781,000
Oct 17, 2022	266.84	270.24	266.74	269.35	263.33	64,576,500
Oct 14, 2022	271.20	271.81	260.14	260.74	254.91	77,244,300
Oct 13, 2022	255.16	270.17	254.26	268.82	262.81	112,894,100
Oct 12, 2022	263.40	265.36	261.95	262.66	256.79	50,580,200
Oct 11, 2022	264.70	267.63	261.03	262.75	256.87	66,522,500
Oct 10, 2022	269.30	269.70	263.64	266.41	260.45	60,393,000
Oct 7, 2022	275.02	275.15	267.74	269.10	263.08	71,354,700
Oct 6, 2022	280.96	284.18	279.43	279.76	273.50	53,489,400
Oct 5, 2022	278.28	283.81	275.42	281.98	275.67	55,766,300
Oct 4, 2022	278.99	282.85	278.99	282.13	275.82	66,696,900
Oct 3, 2022	269.07	275.16	267.53	273.53	267.41	61,267,400
Sep 30, 2022	271.03	275.19	267.10	267.26	261.28	78,482,400
Sep 29, 2022	275.86	276.25	268.84	271.87	265.79	81,216,000
Sep 28, 2022	274.46	281.25	272.95	279.94	273.68	79,652,100
Sep 27, 2022	277.81	280.21	272.11	274.48	268.34	69,780,100
Sep 26, 2022	275.03	279.49	273.56	274.37	268.23	71,176,700
Sep 23, 2022	277.55	277.85	272.02	275.51	269.35	74,815,200
Sep 22, 2022	282.00	283.03	278.82	280.07	273.81	62,757,100
Sep 21, 2022	289.59	293.95	283.42	283.56	277.22	82,931,000
Sep 20, 2022	288.49	291.07	286.38	288.73	282.27	51,271,100
Sep 19, 2022	0.519 Dividend 
Sep 19, 2022	286.10	291.21	286.04	291.05	284.54	52,613,800
Sep 16, 2022	287.72	289.72	285.62	289.32	282.34	79,920,400
Sep 15, 2022	294.07	296.53	289.46	291.10	284.08	65,299,400
Sep 14, 2022	294.87	296.93	293.06	296.03	288.89	54,907,200
Sep 13, 2022	301.80	303.02	292.79	293.70	286.62	79,562,200
Sep 12, 2022	308.50	311.08	308.18	310.74	303.25	45,905,700
Sep 9, 2022	302.83	307.60	300.52	307.09	299.68	56,125,200
Sep 8, 2022	296.85	301.87	295.45	300.52	293.27	55,649,800
Sep 7, 2022	293.54	299.99	293.27	298.97	291.76	49,260,400
Sep 6, 2022	295.66	296.60	290.87	293.05	285.98	57,005,400
Sep 2, 2022	302.34	303.75	293.52	295.17	288.05	64,666,800
Sep 1, 2022	296.72	299.78	292.95	299.40	292.18	57,990,700
Aug 31, 2022	303.99	304.91	299.16	299.27	292.05	50,044,000
Aug 30, 2022	306.10	306.73	298.44	301.02	293.76	51,184,500
Aug 29, 2022	304.62	307.22	303.28	304.41	297.07	48,321,900
Aug 26, 2022	320.28	321.51	307.35	307.44	300.03	69,047,700
Aug 25, 2022	316.83	320.60	315.76	320.58	312.85	38,098,300
Aug 24, 2022	313.61	316.87	312.99	315.01	307.41	38,057,100
Aug 23, 2022	314.12	317.00	313.33	314.10	306.52	39,497,100
Aug 22, 2022	318.50	318.74	313.53	314.36	306.78	51,098,900
Aug 19, 2022	326.17	326.84	322.08	322.86	315.07	51,770,600
Aug 18, 2022	328.44	330.49	326.79	329.28	321.34	41,937,200
Aug 17, 2022	329.07	331.43	326.36	328.49	320.57	47,842,200
Aug 16, 2022	332.06	334.42	329.16	332.28	324.27	41,186,900
Aug 15, 2022	329.42	333.57	329.40	333.06	325.03	38,266,600
Aug 12, 2022	326.18	330.59	325.10	330.39	322.42	40,928,400
Aug 11, 2022	328.31	330.36	323.36	324.08	316.26	45,897,700
Aug 10, 2022	324.59	326.23	322.06	325.93	318.07	51,459,600
Aug 9, 2022	318.77	319.03	315.42	317.08	309.43	39,764,200
Aug 8, 2022	322.69	326.47	319.21	320.71	312.97	43,878,500
Aug 5, 2022	319.19	323.83	318.39	321.75	313.99	53,894,000
Aug 4, 2022	322.97	324.72	320.77	324.40	316.58	38,973,700
Aug 3, 2022	316.05	323.73	315.99	322.89	315.10	53,735,700
Aug 2, 2022	312.92	318.55	311.84	314.33	306.75	48,676,500
Aug 1, 2022	313.65	318.81	312.53	315.27	307.67	46,358,800
