Aug 28, 2026	771.76	775.30	768.31	769.35	769.35	36,712,600
Aug 27, 2026	768.50	772.36	767.16	771.10	771.10	34,557,100
Aug 26, 2026	764.73	767.35	763.93	766.08	766.08	28,751,600
Aug 25, 2026	766.16	766.78	763.05	765.91	765.91	27,422,300
Aug 24, 2026	764.78	765.22	762.08	763.47	763.47	32,430,900
Aug 21, 2026	766.05	767.85	764.17	765.72	765.72	39,188,700
Aug 20, 2026	765.96	768.15	762.04	762.60	762.60	45,520,300
Aug 19, 2026	770.36	772.47	768.10	769.06	769.06	40,306,000
Aug 18, 2026	768.70	769.50	766.92	767.45	767.45	43,920,900
Aug 17, 2026	776.18	776.78	772.51	772.67	772.67	34,356,600
Aug 14, 2026	778.54	778.80	775.43	776.34	776.34	31,367,900
Aug 13, 2026	774.87	779.37	774.11	777.88	777.88	35,634,500
Aug 12, 2026	774.71	774.90	771.28	772.49	772.49	33,179,100
Aug 11, 2026	774.53	774.61	769.20	770.56	770.56	36,740,600
Aug 10, 2026	772.60	775.05	771.62	773.03	773.03	39,249,500
Aug 7, 2026	771.02	773.92	769.61	773.26	773.26	43,586,300
Aug 6, 2026	770.21	771.82	767.46	768.56	768.56	38,416,900
Aug 5, 2026	775.85	776.85	769.51	769.79	769.79	44,689,100
Aug 4, 2026	760.63	773.41	760.52	771.33	771.33	69,154,800
Aug 3, 2026	749.44	758.58	748.80	757.67	757.67	59,927,500
Jul 31, 2026	744.68	748.90	737.68	747.03	747.03	62,445,900
Jul 30, 2026	736.05	742.45	734.59	741.69	741.69	66,811,300
Jul 29, 2026	739.97	742.68	729.10	729.46	729.46	70,697,200
Jul 28, 2026	739.19	742.79	735.98	740.86	740.86	47,322,200
Jul 27, 2026	744.91	745.53	735.87	739.09	739.09	41,461,200
Jul 24, 2026	738.51	743.72	737.29	738.93	738.93	44,782,000
Jul 23, 2026	739.37	742.56	735.21	738.18	738.18	55,437,300
Jul 22, 2026	746.62	750.02	746.37	747.41	747.41	32,836,200
Jul 21, 2026	746.29	749.04	744.18	748.28	748.28	34,324,300
Jul 20, 2026	747.06	748.73	741.51	742.09	742.09	50,422,300
Jul 17, 2026	742.08	747.29	740.80	743.29	743.29	62,651,000
Jul 16, 2026	752.76	754.57	747.88	750.72	750.72	46,409,800
Jul 15, 2026	754.24	755.58	750.20	754.81	754.81	43,844,800
Jul 14, 2026	750.91	753.34	748.66	751.83	751.83	35,143,100
Jul 13, 2026	752.47	753.91	748.00	749.17	749.17	44,013,600
Jul 10, 2026	752.05	755.42	748.10	754.95	754.95	42,191,300
Jul 9, 2026	747.35	751.97	745.59	751.71	751.71	41,441,700
Jul 8, 2026	743.16	746.15	739.51	745.40	745.40	43,767,400
Jul 7, 2026	750.22	750.96	745.21	747.71	747.71	43,721,500
Jul 6, 2026	748.74	752.41	747.41	751.28	751.28	50,673,300
Jul 2, 2026	747.40	751.31	740.03	744.78	744.78	57,447,800
Jul 1, 2026	745.00	749.44	742.38	745.76	745.76	47,100,900
Jun 30, 2026	741.29	748.02	740.89	746.77	746.77	55,626,000
Jun 29, 2026	736.53	741.56	732.09	741.00	741.00	58,035,200
Jun 26, 2026	728.95	736.53	716.58	728.99	728.99	71,034,000
Jun 25, 2026	738.91	739.37	729.60	734.30	734.30	53,934,400
Jun 24, 2026	735.17	739.95	730.84	733.24	733.24	57,439,500
Jun 23, 2026	733.81	739.63	732.30	733.58	733.58	66,846,800
Jun 22, 2026	747.70	750.18	743.13	744.39	744.39	46,628,100
Jun 18, 2026	1.904 Dividend 
Jun 18, 2026	747.76	748.23	743.86	746.74	746.74	80,875,700
Jun 17, 2026	751.29	752.15	739.22	740.96	739.06	85,945,200
Jun 16, 2026	754.55	755.44	749.88	750.33	748.40	67,093,100
Jun 15, 2026	751.85	756.68	751.76	754.83	752.89	60,176,400
Jun 12, 2026	740.71	744.44	735.03	741.75	739.84	57,079,500
Jun 11, 2026	728.76	740.00	724.41	737.76	735.86	86,330,500
Jun 10, 2026	733.39	738.38	725.33	725.43	723.57	60,341,300
Jun 9, 2026	743.63	746.90	722.59	737.05	735.16	87,683,500
Jun 8, 2026	743.36	745.34	738.19	739.22	737.32	49,319,100
Jun 5, 2026	752.31	752.82	735.53	737.55	735.65	93,989,400
Jun 4, 2026	752.10	758.31	751.47	757.09	755.14	49,923,000
Jun 3, 2026	758.15	758.80	753.57	754.24	752.30	51,402,500
Jun 2, 2026	757.03	760.40	756.75	759.57	757.62	31,581,900
Jun 1, 2026	755.36	760.28	754.69	758.54	756.59	43,634,900
May 29, 2026	755.90	758.08	754.69	756.48	754.54	55,075,700
May 28, 2026	750.25	755.15	749.23	754.60	752.66	41,562,600
May 27, 2026	750.88	751.38	748.22	750.46	748.53	42,106,300
May 26, 2026	750.01	752.13	748.37	750.59	748.66	41,123,600
May 22, 2026	746.24	748.94	744.48	745.64	743.72	41,762,000
May 21, 2026	738.64	744.87	737.03	742.72	740.81	43,332,200
May 20, 2026	735.71	741.87	733.89	741.25	739.35	45,768,000
May 19, 2026	734.78	737.65	731.53	733.73	731.84	54,255,900
May 18, 2026	739.83	741.42	733.39	738.65	736.75	47,843,900
May 15, 2026	741.79	743.46	737.96	739.17	737.27	60,410,800
May 14, 2026	743.65	749.53	743.56	748.17	746.25	45,307,600
May 13, 2026	738.47	743.91	735.47	742.31	740.40	44,200,200
May 12, 2026	736.89	738.84	731.83	738.18	736.28	54,185,300
May 11, 2026	736.45	740.79	736.45	739.30	737.40	44,024,000
May 8, 2026	734.93	738.08	734.57	737.62	735.72	47,227,100
May 7, 2026	735.05	736.13	729.75	731.58	729.70	51,724,600
May 6, 2026	728.16	734.59	727.82	733.83	731.94	53,288,900
May 5, 2026	721.77	725.04	721.49	723.77	721.91	36,933,200
May 4, 2026	720.07	722.12	714.99	718.01	716.16	51,950,600
May 1, 2026	721.25	724.87	720.47	720.65	718.80	43,049,800
Apr 30, 2026	714.63	719.79	710.45	718.66	716.81	67,240,900
Apr 29, 2026	711.00	712.20	708.37	711.58	709.75	41,859,200
Apr 28, 2026	711.82	712.88	709.25	711.69	709.86	43,117,400
Apr 27, 2026	713.17	715.63	712.30	715.17	713.33	33,135,900
Apr 24, 2026	710.75	714.47	709.01	713.94	712.11	45,182,000
Apr 23, 2026	709.50	712.36	702.28	708.45	706.63	56,174,000
Apr 22, 2026	709.15	711.45	708.22	711.21	709.38	42,518,500
Apr 21, 2026	710.28	711.28	702.64	704.08	702.27	58,941,400
Apr 20, 2026	708.78	709.91	706.14	708.72	706.90	43,546,800
Apr 17, 2026	706.14	712.39	705.76	710.14	708.32	70,661,900
Apr 16, 2026	701.06	702.78	698.53	701.66	699.86	49,972,400
Apr 15, 2026	695.26	700.28	694.20	699.94	698.14	58,240,400
Apr 14, 2026	687.69	694.58	687.66	694.46	692.68	63,480,500
Apr 13, 2026	677.41	686.30	676.58	686.10	684.34	54,185,800
Apr 10, 2026	681.32	682.03	678.45	679.46	677.71	42,253,500
Apr 9, 2026	674.84	681.16	673.77	679.91	678.16	57,134,400
Apr 8, 2026	676.39	677.08	671.46	676.01	674.27	93,606,100
Apr 7, 2026	656.65	659.61	651.06	659.22	657.53	69,980,400
Apr 6, 2026	655.86	659.72	655.52	658.93	657.24	39,105,800
Apr 2, 2026	646.42	658.20	645.11	655.83	654.14	68,358,700
Apr 1, 2026	653.90	658.52	653.00	655.24	653.56	97,841,500
Mar 31, 2026	638.94	651.54	637.98	650.34	648.67	152,534,100
Mar 30, 2026	640.11	640.37	629.28	631.97	630.35	99,275,900
Mar 27, 2026	642.50	642.66	633.11	634.09	632.46	103,649,400
Mar 26, 2026	652.06	654.85	644.82	645.09	643.43	96,494,400
Mar 25, 2026	658.67	660.89	654.24	656.82	655.13	90,653,800
Mar 24, 2026	651.32	657.03	649.88	653.18	651.50	96,457,500
Mar 23, 2026	658.07	662.62	653.94	655.38	653.70	134,802,700
Mar 20, 2026	1.797 Dividend 
Mar 20, 2026	656.51	656.69	644.72	648.57	646.90	163,617,500
Mar 19, 2026	656.97	662.98	655.17	659.80	656.31	111,272,500
Mar 18, 2026	668.36	669.72	661.19	661.43	657.93	82,062,600
Mar 17, 2026	672.39	674.44	669.70	670.79	667.24	87,128,000
Mar 16, 2026	668.38	672.07	667.12	669.03	665.49	82,023,100
Mar 13, 2026	669.27	672.34	661.36	662.29	658.79	97,200,200
Mar 12, 2026	671.16	671.65	665.87	666.06	662.54	108,882,200
Mar 11, 2026	677.58	680.08	673.34	676.33	672.75	68,441,700
Mar 10, 2026	677.72	683.36	674.76	677.18	673.60	81,505,300
Mar 9, 2026	666.39	679.92	662.39	678.27	674.68	102,667,700
Mar 6, 2026	673.41	676.11	669.76	672.38	668.83	100,687,000
Mar 5, 2026	682.08	685.53	675.61	681.31	677.71	106,606,500
Mar 4, 2026	681.63	687.09	679.62	685.13	681.51	79,182,200
Mar 3, 2026	675.06	682.61	669.66	680.33	676.73	105,003,100
Mar 2, 2026	678.70	688.62	678.02	686.38	682.75	87,477,200
Feb 27, 2026	683.09	686.86	681.64	685.99	682.36	83,308,900
Feb 26, 2026	693.28	693.30	684.35	689.30	685.66	71,671,000
Feb 25, 2026	690.18	693.68	690.10	693.15	689.49	56,369,500
Feb 24, 2026	681.90	688.35	680.00	687.35	683.72	73,798,700
Feb 23, 2026	687.83	690.00	680.37	682.39	678.78	90,558,100
Feb 20, 2026	682.32	690.06	681.73	689.43	685.79	100,034,000
Feb 19, 2026	683.84	686.18	681.55	684.48	680.86	58,649,400
Feb 18, 2026	684.02	689.15	682.83	686.29	682.66	73,570,300
Feb 17, 2026	680.14	684.94	675.78	682.85	679.24	81,354,700
Feb 13, 2026	681.69	686.28	677.52	681.75	678.15	96,267,500
Feb 12, 2026	694.24	695.35	680.37	681.27	677.67	118,829,000
Feb 11, 2026	696.39	697.14	689.18	691.96	688.30	76,353,900
Feb 10, 2026	694.95	696.54	691.66	692.12	688.46	65,185,700
Feb 9, 2026	689.42	695.87	688.34	693.95	690.28	73,885,200
Feb 6, 2026	681.46	692.31	680.85	690.62	686.97	89,127,600
Feb 5, 2026	680.94	683.69	675.79	677.62	674.04	113,610,800
Feb 4, 2026	690.35	691.45	681.76	686.19	682.56	105,204,600
Feb 3, 2026	696.21	696.96	684.03	689.53	685.89	107,904,600
Feb 2, 2026	689.58	696.93	689.42	695.41	691.73	79,286,500
Jan 30, 2026	691.79	694.21	687.12	691.97	688.31	101,835,100
Jan 29, 2026	696.39	697.06	684.83	694.04	690.37	97,486,200
Jan 28, 2026	697.05	697.84	693.94	695.42	691.74	61,172,200
Jan 27, 2026	694.18	696.53	693.57	695.49	691.81	55,506,100
Jan 26, 2026	690.49	694.13	689.92	692.73	689.07	60,473,800
Jan 23, 2026	688.15	690.96	687.16	689.23	685.59	63,059,600
Jan 22, 2026	689.85	691.13	686.92	688.98	685.34	77,112,200
Jan 21, 2026	679.65	688.74	678.13	685.40	681.78	127,844,500
Jan 20, 2026	681.49	684.77	676.57	677.58	674.00	111,623,300
Jan 16, 2026	693.66	694.25	690.10	691.66	688.00	79,289,200
Jan 15, 2026	694.57	695.45	691.25	692.24	688.58	77,862,000
Jan 14, 2026	691.00	691.72	686.04	690.36	686.71	94,676,700
Jan 13, 2026	695.49	696.09	691.35	693.77	690.10	78,309,700
Jan 12, 2026	690.68	696.09	690.63	695.16	691.49	63,976,000
Jan 9, 2026	690.63	695.31	689.18	694.07	690.40	80,125,500
Jan 8, 2026	688.82	690.62	687.49	689.51	685.87	64,019,200
Jan 7, 2026	692.19	693.96	689.32	689.58	685.93	75,588,300
Jan 6, 2026	687.93	692.32	687.78	691.81	688.15	69,273,800
Jan 5, 2026	686.54	689.43	686.38	687.72	684.08	71,927,200
Jan 2, 2026	685.71	686.87	679.82	683.17	679.56	89,377,200
Dec 31, 2025	687.14	687.36	681.71	681.92	678.32	74,144,800
Dec 30, 2025	687.45	688.56	686.58	687.01	683.38	47,160,700
Dec 29, 2025	687.54	689.20	686.07	687.85	684.21	62,559,500
Dec 26, 2025	690.64	691.66	689.27	690.31	686.66	41,613,300
Dec 24, 2025	687.95	690.83	687.80	690.38	686.73	39,445,600
Dec 23, 2025	683.92	688.20	683.87	687.96	684.32	64,840,000
Dec 22, 2025	683.94	685.36	680.59	684.83	681.21	69,556,700
Dec 19, 2025	1.993 Dividend 
Dec 19, 2025	676.59	681.09	676.47	680.59	676.99	103,599,500
Dec 18, 2025	677.60	680.74	674.90	676.47	670.91	108,650,100
Dec 17, 2025	679.89	680.44	671.20	671.40	665.88	110,625,200
Dec 16, 2025	679.23	681.08	674.98	678.87	673.29	122,030,600
Dec 15, 2025	685.74	685.76	679.25	680.73	675.14	90,811,000
Dec 12, 2025	688.17	688.88	679.17	681.76	676.16	113,160,300
Dec 11, 2025	685.14	689.25	682.17	689.17	683.51	86,173,700
Dec 10, 2025	682.56	688.97	681.31	687.57	681.92	85,671,300
Dec 9, 2025	683.15	685.39	682.59	683.04	677.43	58,310,100
Dec 8, 2025	686.59	686.64	681.57	683.63	678.01	55,231,500
Dec 5, 2025	685.47	688.39	684.58	685.69	680.06	79,241,000
Dec 4, 2025	685.30	685.37	681.34	684.39	678.77	61,970,300
Dec 3, 2025	680.57	684.91	679.69	683.89	678.27	57,238,500
Dec 2, 2025	681.92	683.82	679.33	681.53	675.93	62,953,800
Dec 1, 2025	678.81	682.99	678.74	680.27	674.68	61,201,200
Nov 28, 2025	680.86	683.67	680.50	683.39	677.77	49,212,000
Nov 26, 2025	677.63	681.70	676.72	679.68	674.10	71,879,600
Nov 25, 2025	668.63	676.21	664.48	675.02	669.47	81,077,100
Nov 24, 2025	662.69	670.06	661.59	668.73	663.24	80,437,900
Nov 21, 2025	655.05	664.55	650.85	659.03	653.61	123,956,200
Nov 20, 2025	672.91	675.56	651.89	652.53	647.17	165,293,500
Nov 19, 2025	660.78	667.34	658.75	662.63	657.19	94,703,000
Nov 18, 2025	662.10	665.12	655.86	660.08	654.66	114,467,500
Nov 17, 2025	669.70	673.71	662.17	665.67	660.20	90,456,100
Nov 14, 2025	665.38	675.66	663.27	671.93	666.41	96,846,700
Nov 13, 2025	680.50	680.86	670.52	672.04	666.52	103,457,800
Nov 12, 2025	684.79	684.96	680.95	683.38	677.76	62,312,500
Nov 11, 2025	679.95	683.57	678.73	683.00	677.39	58,953,400
Nov 10, 2025	677.24	682.18	675.03	681.44	675.84	75,842,900
Nov 7, 2025	667.91	671.08	661.21	670.97	665.46	100,592,400
Nov 6, 2025	676.47	677.38	668.72	670.31	664.80	85,035,300
Nov 5, 2025	674.98	680.86	674.17	677.58	672.01	74,402,400
Nov 4, 2025	676.11	679.96	674.58	675.24	669.69	78,427,000
Nov 3, 2025	685.67	685.80	679.94	683.34	677.73	57,315,000
Oct 31, 2025	685.04	685.08	679.24	682.06	676.46	87,164,100
Oct 30, 2025	683.90	685.94	679.83	679.83	674.24	76,335,800
Oct 29, 2025	688.72	689.70	682.87	687.39	681.74	85,657,100
Oct 28, 2025	687.05	688.91	684.83	687.06	681.41	61,738,100
Oct 27, 2025	682.73	685.54	682.12	685.24	679.61	63,339,800
Oct 24, 2025	676.46	678.47	675.65	677.25	671.69	74,356,500
Oct 23, 2025	668.12	672.71	667.80	671.76	666.24	65,604,500
Oct 22, 2025	672.00	672.00	663.30	667.80	662.31	80,564,000
Oct 21, 2025	671.44	672.99	669.98	671.29	665.77	56,249,000
Oct 20, 2025	667.32	672.21	667.27	671.30	665.78	60,493,400
Oct 17, 2025	659.50	665.76	658.14	664.39	658.93	96,500,900
Oct 16, 2025	666.82	668.71	657.11	660.64	655.21	110,563,300
Oct 15, 2025	666.82	670.23	658.93	665.17	659.70	81,702,600
Oct 14, 2025	657.17	665.83	653.17	662.23	656.79	88,779,600
Oct 13, 2025	660.65	665.13	659.77	663.04	657.59	79,560,500
Oct 10, 2025	672.13	673.95	652.84	653.02	647.65	159,422,600
Oct 9, 2025	673.53	673.94	669.21	671.16	665.65	66,501,900
Oct 8, 2025	670.25	673.21	669.42	673.11	667.58	60,702,200
Oct 7, 2025	672.54	672.99	667.67	669.12	663.62	72,020,100
Oct 6, 2025	671.62	672.51	669.46	671.61	666.09	54,623,300
Oct 3, 2025	669.99	672.68	668.16	669.21	663.71	70,494,400
Oct 2, 2025	670.45	670.57	666.78	669.22	663.72	56,896,000
Oct 1, 2025	663.17	669.37	663.06	668.45	662.96	72,545,400
Sep 30, 2025	662.93	666.65	661.61	666.18	660.71	86,288,000
Sep 29, 2025	664.36	665.28	661.86	663.68	658.23	73,499,000
Sep 26, 2025	659.51	662.37	657.88	661.82	656.38	69,179,200
Sep 25, 2025	657.94	659.41	654.41	658.05	652.64	89,622,100
Sep 24, 2025	664.51	664.61	659.67	661.10	655.67	68,082,200
Sep 23, 2025	666.72	667.34	661.98	663.21	657.76	81,708,900
Sep 22, 2025	662.20	667.29	662.17	666.84	661.36	69,452,200
Sep 19, 2025	1.831 Dividend 
Sep 19, 2025	662.33	664.55	660.37	663.70	658.25	97,945,600
Sep 18, 2025	661.89	664.89	660.27	662.26	655.00	90,459,200
Sep 17, 2025	660.01	661.72	654.30	659.18	651.96	101,952,200
Sep 16, 2025	661.47	661.78	659.21	660.00	652.77	61,169,000
Sep 15, 2025	659.64	661.04	659.34	660.91	653.67	63,772,400
Sep 12, 2025	657.60	659.11	656.90	657.41	650.21	72,780,100
Sep 11, 2025	654.18	658.33	653.59	657.63	650.42	69,934,400
Sep 10, 2025	653.62	654.55	650.63	652.21	645.06	78,034,500
Sep 9, 2025	648.97	650.86	647.22	650.33	643.20	66,133,900
Sep 8, 2025	648.62	649.84	647.23	648.83	641.72	63,133,100
Sep 5, 2025	651.48	652.21	643.33	647.24	640.15	85,178,900
Sep 4, 2025	644.42	649.15	643.51	649.12	642.01	65,219,200
Sep 3, 2025	642.67	644.21	640.46	643.74	636.69	70,820,900
Sep 2, 2025	637.50	640.49	634.92	640.27	633.25	81,983,500
Aug 29, 2025	647.47	647.84	643.14	645.05	637.98	74,522,200
Aug 28, 2025	647.24	649.48	645.34	648.92	641.81	61,519,500
Aug 27, 2025	644.57	647.37	644.42	646.63	639.54	48,341,100
Aug 26, 2025	642.20	645.51	641.57	645.16	638.09	51,581,600
Aug 25, 2025	644.04	645.29	642.35	642.47	635.43	51,274,300
Aug 22, 2025	637.76	646.50	637.25	645.31	638.24	84,083,200
Aug 21, 2025	636.28	637.97	633.81	635.55	628.59	54,805,800
Aug 20, 2025	639.40	639.66	632.95	638.11	631.12	88,890,300
Aug 19, 2025	643.12	644.11	638.48	639.81	632.80	69,750,700
Aug 18, 2025	642.86	644.00	642.18	643.30	636.25	43,804,900
Aug 15, 2025	645.99	646.09	642.52	643.44	636.39	68,592,500
Aug 14, 2025	642.79	645.62	642.34	644.95	637.88	59,327,500
Aug 13, 2025	644.91	646.19	642.68	644.89	637.82	60,092,800
Aug 12, 2025	638.29	642.85	636.79	642.69	635.65	64,730,800
Aug 11, 2025	637.46	638.95	634.66	635.92	628.95	58,742,300
Aug 8, 2025	634.06	637.65	633.74	637.18	630.20	64,051,600
Aug 7, 2025	636.24	636.98	629.11	632.25	625.32	74,205,800
Aug 6, 2025	629.05	633.44	628.13	632.78	625.85	64,357,500
Aug 5, 2025	631.79	632.61	627.04	627.97	621.09	68,051,400
Aug 4, 2025	625.67	631.22	625.58	631.17	624.25	73,218,000
Aug 1, 2025	626.30	626.34	619.29	621.72	614.91	140,103,600
Jul 31, 2025	639.46	639.85	630.77	632.08	625.15	103,385,200
Jul 30, 2025	635.92	637.68	631.54	634.46	627.51	80,418,900
Jul 29, 2025	638.35	638.67	634.34	635.26	628.30	60,556,300
Jul 28, 2025	637.48	638.04	635.54	636.94	629.96	54,917,100
Jul 25, 2025	635.09	637.58	634.84	637.10	630.12	56,865,400
Jul 24, 2025	634.60	636.15	633.99	634.42	627.47	71,307,100
Jul 23, 2025	631.55	634.21	629.73	634.21	627.26	70,511,000
Jul 22, 2025	629.10	629.73	626.19	628.86	621.97	60,046,300
Jul 21, 2025	628.77	631.54	628.34	628.77	621.88	63,375,000
Jul 18, 2025	629.30	629.47	626.46	627.58	620.70	65,621,600
Jul 17, 2025	624.40	628.40	624.18	628.04	621.16	68,885,700
Jul 16, 2025	623.74	624.73	618.05	624.22	617.38	88,987,500
Jul 15, 2025	627.52	627.86	622.06	622.14	615.32	74,317,300
Jul 14, 2025	623.16	625.16	621.80	624.81	617.96	51,898,500
Jul 11, 2025	622.74	624.86	621.53	623.62	616.79	63,670,200
Jul 10, 2025	624.20	626.87	623.01	625.82	618.96	57,529,000
Jul 9, 2025	622.77	624.72	620.91	624.06	617.22	66,113,300
Jul 8, 2025	621.35	622.11	619.52	620.34	613.54	59,024,600
Jul 7, 2025	623.36	624.03	617.87	620.68	613.88	74,814,500
Jul 3, 2025	622.45	626.28	622.43	625.34	618.49	51,065,800
Jul 2, 2025	617.24	620.49	616.61	620.45	613.65	66,510,400
Jul 1, 2025	616.36	618.83	615.52	617.65	610.88	70,030,100
Jun 30, 2025	617.38	619.22	615.04	617.85	611.08	92,502,500
Jun 27, 2025	612.88	616.39	610.83	614.91	608.17	86,258,400
Jun 26, 2025	608.99	612.31	608.37	611.87	605.16	78,548,400
Jun 25, 2025	607.91	608.61	605.54	607.12	600.47	62,114,800
Jun 24, 2025	604.33	607.85	603.41	606.78	600.13	67,735,300
Jun 23, 2025	595.04	600.54	591.89	600.15	593.57	87,426,000
Jun 20, 2025	1.761 Dividend 
Jun 20, 2025	598.38	599.46	592.86	594.28	587.77	94,051,400
Jun 18, 2025	598.44	601.22	596.47	597.44	589.15	76,605,000
Jun 17, 2025	600.21	601.75	596.76	597.53	589.24	82,209,400
Jun 16, 2025	600.40	604.45	600.22	602.68	594.32	79,984,100
Jun 13, 2025	598.50	601.85	595.48	597.00	588.72	89,506,000
Jun 12, 2025	600.01	603.75	599.52	603.75	595.37	64,129,000
Jun 11, 2025	604.19	605.06	599.27	601.36	593.02	73,658,200
Jun 10, 2025	600.22	603.47	599.09	603.08	594.71	66,247,000
Jun 9, 2025	599.72	601.25	598.49	599.68	591.36	53,016,400
Jun 6, 2025	598.66	600.83	596.86	599.14	590.83	66,588,700
Jun 5, 2025	597.63	599.00	591.05	593.05	584.82	92,278,700
Jun 4, 2025	596.96	597.95	595.49	595.93	587.66	57,314,200
Jun 3, 2025	592.34	597.08	591.85	596.09	587.82	63,606,200
Jun 2, 2025	587.76	592.79	585.06	592.71	584.49	61,630,500
May 30, 2025	588.93	591.13	583.24	589.39	581.21	90,601,200
May 29, 2025	593.06	593.20	586.07	590.05	581.86	69,973,300
May 28, 2025	591.56	592.77	586.99	587.73	579.58	68,445,500
May 27, 2025	586.07	591.31	578.43	591.15	582.95	72,588,500
May 23, 2025	575.98	581.81	575.60	579.11	571.08	76,029,000
May 22, 2025	582.66	586.62	581.41	583.09	575.00	70,860,400
May 21, 2025	588.44	592.58	581.82	582.86	574.77	95,197,700
May 20, 2025	593.09	594.05	589.60	592.85	584.62	60,614,500
May 19, 2025	588.10	595.54	588.10	594.85	586.60	68,168,500
May 16, 2025	591.25	594.50	589.28	594.20	585.96	76,052,100
May 15, 2025	585.56	590.97	585.10	590.46	582.27	71,268,100
May 14, 2025	587.81	588.98	585.54	587.59	579.44	66,283,500
May 13, 2025	583.41	589.08	582.84	586.84	578.70	67,947,200
May 12, 2025	581.47	583.00	577.04	582.99	574.90	78,993,600
May 9, 2025	566.48	567.50	562.76	564.34	556.51	37,603,400
May 8, 2025	565.24	570.31	561.70	565.06	557.22	65,130,800
May 7, 2025	560.15	563.82	556.04	561.15	553.36	55,588,000
May 6, 2025	557.93	563.35	556.96	558.80	551.05	48,264,700
May 5, 2025	562.57	566.65	561.70	563.51	555.69	38,659,200
May 2, 2025	564.73	568.38	562.38	566.76	558.90	60,717,300
May 1, 2025	560.37	564.07	557.86	558.47	550.72	63,186,100
Apr 30, 2025	547.57	556.52	541.52	554.54	546.85	93,101,500
Apr 29, 2025	548.91	555.45	548.55	554.32	546.63	47,775,100
Apr 28, 2025	551.39	553.55	545.02	550.85	543.21	47,613,800
Apr 25, 2025	546.65	551.05	543.69	550.64	543.00	61,119,600
Apr 24, 2025	536.72	547.43	535.45	546.69	539.11	64,150,400
Apr 23, 2025	540.43	545.43	533.88	535.42	527.99	90,590,700
Apr 22, 2025	520.14	529.30	519.19	527.25	519.93	75,948,100
Apr 21, 2025	521.16	521.70	508.46	513.88	506.75	69,368,100
Apr 17, 2025	527.64	531.17	523.91	526.41	519.11	79,868,100
Apr 16, 2025	531.68	537.89	520.29	525.66	518.37	83,484,800
Apr 15, 2025	539.67	543.23	536.81	537.61	530.15	56,892,900
Apr 14, 2025	544.05	544.28	533.86	539.12	531.64	68,034,000
Apr 11, 2025	523.01	536.43	520.07	533.94	526.53	97,866,300
Apr 10, 2025	532.17	533.50	509.32	524.58	517.30	162,331,200
Apr 9, 2025	493.44	548.62	493.05	548.62	541.01	241,867,300
Apr 8, 2025	521.86	524.98	489.16	496.48	489.59	165,816,600
Apr 7, 2025	489.19	523.17	481.80	504.38	497.38	256,611,400
Apr 4, 2025	523.67	525.87	505.06	505.28	498.27	217,965,100
Apr 3, 2025	545.11	547.97	536.70	536.70	529.25	125,986,000
Apr 2, 2025	555.05	567.42	554.81	564.52	556.69	76,014,500
Apr 1, 2025	557.45	562.94	553.68	560.97	553.19	54,609,600
Mar 31, 2025	549.83	560.71	546.87	559.39	551.63	95,328,200
Mar 28, 2025	565.53	566.27	555.07	555.66	547.95	71,662,700
Mar 27, 2025	567.18	570.90	564.94	567.08	559.21	42,164,200
Mar 26, 2025	575.19	576.33	567.19	568.59	560.70	51,848,300
Mar 25, 2025	575.30	576.41	573.69	575.46	567.48	38,355,700
Mar 24, 2025	570.80	575.15	570.20	574.08	566.12	58,766,800
Mar 21, 2025	1.696 Dividend 
Mar 21, 2025	559.28	564.89	558.03	563.98	556.16	83,763,000
Mar 20, 2025	563.33	570.57	562.60	565.49	555.97	62,958,200
Mar 19, 2025	562.83	570.95	561.63	567.13	557.58	66,556,000
Mar 18, 2025	564.80	565.02	559.06	561.02	551.58	66,041,400
Mar 17, 2025	562.79	569.71	562.35	567.15	557.60	49,008,700
Mar 14, 2025	556.11	563.83	551.49	562.81	553.34	62,660,300
Mar 13, 2025	558.49	559.11	549.68	551.42	542.14	74,079,400
Mar 12, 2025	562.17	563.11	553.69	558.87	549.46	69,588,200
Mar 11, 2025	559.40	564.02	552.02	555.92	546.56	88,102,100
Mar 10, 2025	567.59	569.54	555.59	560.58	551.14	99,326,600
Mar 7, 2025	570.90	577.39	565.63	575.92	566.23	81,158,800
Mar 6, 2025	575.48	580.17	570.12	572.71	563.07	80,094,900
Mar 5, 2025	576.69	584.88	573.08	583.06	573.25	71,230,500
Mar 4, 2025	579.71	585.39	572.25	576.86	567.15	109,648,200
Mar 3, 2025	596.18	597.34	579.90	583.77	573.94	74,249,200
Feb 28, 2025	585.56	594.72	582.44	594.18	584.18	88,744,100
Feb 27, 2025	596.85	598.02	584.65	585.05	575.20	74,196,700
Feb 26, 2025	595.93	599.58	591.86	594.54	584.53	43,321,600
Feb 25, 2025	597.15	597.89	589.56	594.24	584.24	58,266,500
Feb 24, 2025	602.02	603.03	596.49	597.21	587.16	50,737,200
Feb 21, 2025	610.16	610.30	599.47	599.94	589.84	76,519,800
Feb 20, 2025	611.54	611.68	607.02	610.38	600.11	36,554,000
Feb 19, 2025	610.08	613.23	609.56	612.93	602.61	31,011,100
Feb 18, 2025	610.88	611.49	608.38	611.49	601.20	26,749,000
Feb 14, 2025	609.94	610.99	609.07	609.70	599.44	26,910,400
Feb 13, 2025	604.48	609.94	603.20	609.73	599.47	40,921,300
Feb 12, 2025	599.20	604.55	598.51	603.36	593.20	45,076,100
Feb 11, 2025	602.55	605.86	602.43	605.31	595.12	30,056,700
Feb 10, 2025	604.03	605.50	602.74	604.85	594.67	26,048,700
Feb 7, 2025	606.89	608.13	600.05	600.77	590.66	50,788,500
Feb 6, 2025	605.99	606.45	602.63	606.32	596.11	35,771,500
Feb 5, 2025	600.64	604.37	598.58	604.22	594.05	30,653,100
Feb 4, 2025	597.83	602.30	597.28	601.78	591.65	33,457,800
Feb 3, 2025	592.67	600.29	590.49	597.77	587.71	65,857,200
Jan 31, 2025	607.50	609.96	601.05	601.82	591.69	66,566,900
Jan 30, 2025	603.96	606.60	600.72	605.04	594.86	39,281,300
Jan 29, 2025	603.72	604.13	599.22	601.81	591.68	37,177,400
Jan 28, 2025	600.62	605.37	597.25	604.52	594.34	44,433,300
Jan 27, 2025	594.81	599.69	594.64	599.37	589.28	70,361,100
Jan 24, 2025	609.81	610.78	606.80	607.97	597.74	34,604,700
Jan 23, 2025	605.80	609.75	605.52	609.75	599.49	41,152,100
Jan 22, 2025	605.92	607.82	605.36	606.44	596.23	48,196,000
Jan 21, 2025	600.67	603.06	598.67	603.05	592.90	42,532,900
Jan 17, 2025	596.96	599.36	595.61	597.58	587.52	58,070,600
Jan 16, 2025	594.17	594.35	590.93	591.64	581.68	43,319,700
Jan 15, 2025	590.33	593.94	589.20	592.78	582.80	56,900,200
Jan 14, 2025	584.36	585.00	578.35	582.19	572.39	48,420,600
Jan 13, 2025	575.77	581.75	575.35	581.39	571.60	47,910,100
Jan 10, 2025	585.88	585.95	578.55	580.49	570.72	73,105,000
Jan 8, 2025	588.70	590.58	585.20	589.49	579.57	47,304,700
Jan 7, 2025	597.42	597.75	586.78	588.63	578.72	60,393,100
Jan 6, 2025	596.27	599.70	593.60	595.36	585.34	47,679,400
Jan 3, 2025	587.53	592.60	586.43	591.95	581.99	37,888,500
Jan 2, 2025	589.39	591.13	580.50	584.64	574.80	50,204,000
Dec 31, 2024	589.91	590.64	584.42	586.08	576.22	57,052,700
Dec 30, 2024	587.89	591.74	584.41	588.22	578.32	56,578,800
Dec 27, 2024	597.54	597.78	590.76	595.01	584.99	64,969,300
Dec 26, 2024	599.50	602.48	598.08	601.34	591.22	41,219,100
Dec 24, 2024	596.06	601.34	595.47	601.30	591.18	33,160,100
Dec 23, 2024	590.89	595.30	587.66	594.69	584.68	57,635,800
Dec 20, 2024	1.966 Dividend 
Dec 20, 2024	581.77	595.75	580.91	591.15	581.20	125,716,700
Dec 19, 2024	591.36	593.00	585.85	586.10	574.30	85,919,500
Dec 18, 2024	603.98	606.41	585.89	586.28	574.48	108,248,700
Dec 17, 2024	604.19	605.17	602.89	604.29	592.13	55,773,500
Dec 16, 2024	606.00	607.78	605.21	606.79	594.58	43,695,200
Dec 13, 2024	606.40	607.13	602.81	604.21	592.05	35,904,700
Dec 12, 2024	606.58	607.16	604.33	604.33	592.17	31,543,800
Dec 11, 2024	605.78	608.43	605.50	607.46	595.23	28,677,700
Dec 10, 2024	605.37	605.80	602.13	602.80	590.67	37,234,500
Dec 9, 2024	607.69	607.86	604.08	604.68	592.51	34,742,700
Dec 6, 2024	607.44	609.07	607.02	607.81	595.58	31,241,500
Dec 5, 2024	607.66	608.48	606.30	606.66	594.45	28,762,200
Dec 4, 2024	605.63	607.91	604.95	607.66	595.43	42,787,600
Dec 3, 2024	603.39	604.16	602.34	603.91	591.75	26,906,600
Dec 2, 2024	602.97	604.32	602.47	603.63	591.48	31,746,000
Nov 29, 2024	599.66	603.35	599.38	602.55	590.42	30,177,400
Nov 27, 2024	600.46	600.85	597.28	598.83	586.78	34,000,200
Nov 26, 2024	598.80	601.33	598.07	600.65	588.56	45,621,300
Nov 25, 2024	599.52	600.86	595.20	597.53	585.50	42,441,400
Nov 22, 2024	593.66	596.15	593.15	595.51	583.52	38,226,400
Nov 21, 2024	593.40	595.12	587.45	593.67	581.72	46,750,300
Nov 20, 2024	590.38	590.79	584.63	590.50	578.61	50,032,600
Nov 19, 2024	584.71	591.04	584.03	590.30	578.42	49,412,000
Nov 18, 2024	586.22	589.49	585.34	588.15	576.31	37,001,700
Nov 15, 2024	589.72	590.20	583.86	585.75	573.96	75,988,800
Nov 14, 2024	597.32	597.81	592.65	593.35	581.41	38,904,100
Nov 13, 2024	597.37	599.23	594.96	597.19	585.17	47,388,600
Nov 12, 2024	598.68	599.29	594.37	596.90	584.88	43,006,100
Nov 11, 2024	599.81	600.17	597.00	598.76	586.71	37,586,800
Nov 8, 2024	596.17	599.64	596.17	598.19	586.15	46,444,900
Nov 7, 2024	593.08	596.65	593.00	595.61	583.62	47,233,200
Nov 6, 2024	589.20	591.93	585.39	591.04	579.14	68,182,000
Nov 5, 2024	570.74	576.74	570.52	576.70	565.09	39,478,300
Nov 4, 2024	571.18	572.50	567.89	569.81	558.34	38,217,000
Nov 1, 2024	571.32	575.55	570.62	571.04	559.55	45,667,500
Oct 31, 2024	575.56	575.63	568.44	568.64	557.19	60,182,500
Oct 30, 2024	581.29	583.32	579.29	580.01	568.33	41,435,800
Oct 29, 2024	579.85	582.91	578.43	581.77	570.06	42,899,700
Oct 28, 2024	582.58	582.71	580.52	580.83	569.14	30,174,700
Oct 25, 2024	581.51	584.46	578.08	579.04	567.38	47,268,200
Oct 24, 2024	579.98	580.06	576.57	579.24	567.58	34,979,900
Oct 23, 2024	581.26	581.71	574.42	577.99	566.36	49,314,600
Oct 22, 2024	581.05	584.50	580.38	583.32	571.58	34,183,800
Oct 21, 2024	583.85	584.85	580.60	583.63	571.88	36,439,000
Oct 18, 2024	584.07	585.39	582.58	584.59	572.82	37,416,800
Oct 17, 2024	585.91	586.12	582.16	582.35	570.63	34,393,700
Oct 16, 2024	579.78	582.83	578.96	582.30	570.58	30,725,400
Oct 15, 2024	584.59	584.90	578.54	579.78	568.11	54,203,600
Oct 14, 2024	581.22	585.27	580.73	584.32	572.56	36,217,200
Oct 11, 2024	576.05	580.33	575.91	579.58	567.91	42,268,000
Oct 10, 2024	575.77	577.58	574.49	576.13	564.53	44,138,100
Oct 9, 2024	573.16	577.71	572.55	577.14	565.52	37,912,200
Oct 8, 2024	570.42	573.78	569.53	573.17	561.63	37,398,700
Oct 7, 2024	571.30	571.96	566.63	567.80	556.37	49,964,700
Oct 4, 2024	572.35	573.36	568.10	572.98	561.45	42,939,100
Oct 3, 2024	567.36	569.80	565.49	567.82	556.39	40,846,500
Oct 2, 2024	567.71	569.90	565.27	568.86	557.41	38,097,800
Oct 1, 2024	573.40	574.06	566.00	568.62	557.17	72,668,800
Sep 30, 2024	570.42	574.38	568.08	573.76	562.21	63,557,400
Sep 27, 2024	573.39	574.22	570.42	571.47	559.97	42,100,900
Sep 26, 2024	574.38	574.71	569.90	572.30	560.78	48,336,000
Sep 25, 2024	571.14	571.89	568.91	570.04	558.57	38,428,600
Sep 24, 2024	570.48	571.36	567.60	571.30	559.80	46,805,700
Sep 23, 2024	569.34	570.33	568.10	569.67	558.20	44,116,900
Sep 20, 2024	1.746 Dividend 
Sep 20, 2024	567.84	569.31	565.17	568.25	556.81	77,503,100
Sep 19, 2024	571.01	572.88	568.08	570.98	557.78	75,315,500
Sep 18, 2024	563.74	568.69	560.83	561.40	548.42	59,044,900
Sep 17, 2024	565.10	566.58	560.79	563.07	550.05	49,321,000
Sep 16, 2024	561.74	563.11	559.90	562.84	549.82	36,656,100
Sep 13, 2024	559.71	563.03	559.45	562.01	549.01	39,310,500
Sep 12, 2024	555.01	559.40	552.74	559.09	546.16	51,819,600
Sep 11, 2024	548.70	555.36	539.96	554.42	541.60	75,248,600
Sep 10, 2024	548.36	549.15	543.38	548.79	536.10	36,394,600
Sep 9, 2024	544.65	547.71	542.68	546.41	533.77	40,445,800
Sep 6, 2024	549.94	551.60	539.44	540.36	527.86	68,493,800
Sep 5, 2024	550.89	553.80	547.10	549.61	536.90	44,264,300
Sep 4, 2024	550.20	554.43	549.46	550.95	538.21	47,224,900
Sep 3, 2024	560.47	560.81	549.51	552.08	539.31	60,600,100
Aug 30, 2024	560.77	564.20	557.14	563.68	550.64	62,700,100
Aug 29, 2024	560.31	563.68	557.18	558.35	545.44	38,715,200
Aug 28, 2024	561.21	561.65	555.04	558.30	545.39	41,066,000
Aug 27, 2024	559.49	562.06	558.32	561.56	548.57	32,693,900
Aug 26, 2024	563.18	563.91	559.05	560.79	547.82	35,788,600
Aug 23, 2024	559.53	563.09	557.29	562.13	549.13	50,639,400
Aug 22, 2024	562.56	563.18	554.98	556.22	543.36	56,121,500
Aug 21, 2024	559.77	562.11	554.73	560.62	547.66	41,514,600
Aug 20, 2024	559.15	560.84	557.33	558.70	545.78	33,732,300
Aug 19, 2024	554.73	559.61	553.86	559.61	546.67	39,121,800
Aug 16, 2024	551.42	555.02	551.26	554.31	541.49	44,430,700
Aug 15, 2024	549.50	553.36	548.88	553.07	540.28	60,846,800
Aug 14, 2024	542.85	544.96	540.12	543.75	531.18	42,446,900
Aug 13, 2024	536.53	542.28	536.28	542.04	529.50	52,333,100
Aug 12, 2024	534.21	535.73	530.95	533.27	520.94	42,542,100
Aug 9, 2024	529.81	534.51	528.56	532.99	520.66	45,619,600
Aug 8, 2024	523.91	531.29	521.84	530.65	518.38	63,276,600
Aug 7, 2024	528.47	531.59	518.05	518.66	506.67	70,698,300
Aug 6, 2024	519.22	529.75	517.87	522.15	510.07	84,826,300
Aug 5, 2024	511.64	523.58	510.27	517.38	505.42	146,267,400
Aug 2, 2024	535.75	536.99	528.60	532.90	520.58	82,789,100
Aug 1, 2024	552.57	554.87	539.43	543.01	530.45	76,428,700
Jul 31, 2024	548.98	553.50	547.58	550.81	538.07	65,663,400
Jul 30, 2024	546.26	547.34	538.52	542.00	529.47	46,853,600
Jul 29, 2024	546.02	547.05	542.72	544.76	532.16	39,515,800
Jul 26, 2024	542.28	547.19	541.49	544.44	531.85	53,763,800
Jul 25, 2024	541.35	547.46	537.45	538.41	525.96	61,158,300
Jul 24, 2024	548.86	549.17	540.29	541.23	528.71	74,515,300
Jul 23, 2024	554.54	556.74	553.28	553.78	540.97	34,439,600
Jul 22, 2024	553.00	555.27	551.02	554.65	541.82	43,346,700
Jul 19, 2024	552.42	554.08	547.91	548.99	536.29	65,509,100
Jul 18, 2024	558.51	559.52	550.43	552.66	539.88	56,270,400
Jul 17, 2024	558.80	560.51	556.61	556.94	544.06	57,119,000
Jul 16, 2024	562.87	565.16	562.10	564.86	551.80	36,475,300
Jul 15, 2024	562.03	564.84	559.63	561.53	548.54	40,584,300
Jul 12, 2024	557.63	563.67	557.15	559.99	547.04	53,084,400
Jul 11, 2024	561.44	562.33	555.83	556.48	543.61	53,054,200
Jul 10, 2024	557.07	561.67	556.77	561.32	548.34	38,701,200
Jul 9, 2024	556.26	557.18	555.52	555.82	542.97	27,289,700
Jul 8, 2024	555.44	556.25	554.19	555.28	542.44	36,110,500
Jul 5, 2024	551.77	555.05	551.12	554.64	541.81	41,488,400
Jul 3, 2024	548.69	551.83	548.65	551.46	538.71	32,789,900
Jul 2, 2024	543.70	549.01	543.65	549.01	536.31	40,434,800
Jul 1, 2024	545.63	545.88	542.52	545.34	532.73	40,297,800
Jun 28, 2024	547.16	550.28	542.95	544.22	531.63	76,144,500
Jun 27, 2024	545.37	546.96	544.61	546.37	533.73	35,041,500
Jun 26, 2024	543.69	546.24	543.03	545.51	532.89	38,550,600
Jun 25, 2024	543.99	545.20	542.44	544.83	532.23	37,936,200
Jun 24, 2024	544.33	546.95	542.62	542.74	530.19	45,528,700
Jun 21, 2024	1.759 Dividend 
Jun 21, 2024	544.40	545.65	543.02	544.51	531.92	64,338,600
Jun 20, 2024	549.44	550.12	545.18	547.00	532.63	70,328,200
Jun 18, 2024	547.16	548.62	546.73	548.49	534.08	41,376,400
Jun 17, 2024	542.08	548.53	541.61	547.10	532.73	55,839,500
Jun 14, 2024	540.88	542.81	539.85	542.78	528.52	40,089,900
Jun 13, 2024	543.15	543.33	539.59	542.45	528.20	44,760,900
Jun 12, 2024	541.63	544.12	540.30	541.36	527.14	63,251,300
Jun 11, 2024	534.07	537.01	532.05	536.95	522.85	36,383,400
Jun 10, 2024	533.18	535.99	532.57	535.66	521.59	35,686,100
Jun 7, 2024	533.66	536.89	532.54	534.01	519.98	43,224,500
Jun 6, 2024	534.98	535.42	532.68	534.66	520.62	30,808,500
Jun 5, 2024	530.77	534.69	528.73	534.67	520.63	47,610,400
Jun 4, 2024	526.46	529.15	524.96	528.39	514.51	34,632,700
Jun 3, 2024	529.02	529.31	522.60	527.80	513.94	46,835,700
May 31, 2024	523.59	527.50	518.36	527.37	513.52	90,785,800
May 30, 2024	524.52	525.20	521.33	522.61	508.88	46,377,600
May 29, 2024	525.68	527.31	525.37	526.10	512.28	45,190,300
May 28, 2024	530.27	530.51	527.11	529.81	515.89	36,269,600
May 24, 2024	527.85	530.27	526.88	529.44	515.53	41,291,100
May 23, 2024	532.96	533.07	524.72	525.96	512.14	57,211,200
May 22, 2024	530.65	531.38	527.60	529.83	515.91	48,390,000
May 21, 2024	529.28	531.52	529.07	531.36	517.40	33,437,000
May 20, 2024	529.57	531.56	529.17	530.06	516.14	37,764,200
May 17, 2024	528.81	529.52	527.32	529.45	515.54	59,187,600
May 16, 2024	529.88	531.52	528.54	528.69	514.80	50,244,800
May 15, 2024	525.83	530.08	525.18	529.78	515.86	59,504,900
May 14, 2024	521.11	523.83	520.56	523.30	509.55	57,535,900
May 13, 2024	522.56	522.67	519.74	520.91	507.23	36,716,400
May 10, 2024	521.81	522.64	519.59	520.84	507.16	52,233,200
May 9, 2024	517.38	520.21	516.71	520.17	506.51	43,643,700
May 8, 2024	515.26	517.74	515.14	517.19	503.60	42,047,200
May 7, 2024	517.56	518.57	516.45	517.14	503.56	52,561,300
May 6, 2024	513.75	516.61	513.30	516.57	503.00	47,264,700
May 3, 2024	511.16	512.55	508.56	511.29	497.86	72,756,700
May 2, 2024	504.15	505.89	499.55	505.03	491.76	62,550,200
May 1, 2024	501.38	508.19	499.87	500.35	487.21	80,242,800
Apr 30, 2024	508.56	509.56	501.98	501.98	488.79	77,483,600
Apr 29, 2024	510.09	510.75	507.25	510.06	496.66	46,415,400
Apr 26, 2024	506.35	509.88	505.70	508.26	494.91	64,306,100
Apr 25, 2024	499.18	504.27	497.49	503.49	490.26	69,122,400
Apr 24, 2024	506.56	507.37	503.13	505.41	492.13	55,928,100
Apr 23, 2024	501.78	506.09	499.53	505.65	492.37	64,633,600
Apr 22, 2024	497.83	502.38	495.43	499.72	486.59	67,961,000
Apr 19, 2024	499.44	500.46	493.86	495.16	482.15	102,212,600
Apr 18, 2024	501.98	504.13	498.56	499.52	486.40	74,548,100
Apr 17, 2024	506.05	506.22	499.12	500.55	487.40	75,910,300
Apr 16, 2024	504.94	506.50	502.21	503.53	490.30	73,484,000
Apr 15, 2024	515.13	515.30	503.58	504.45	491.20	92,101,400
Apr 12, 2024	514.37	515.82	509.08	510.85	497.43	92,561,100
Apr 11, 2024	515.68	519.48	512.08	518.00	504.39	70,099,000
Apr 10, 2024	513.48	516.16	512.09	514.12	500.62	82,652,800
Apr 9, 2024	520.50	520.75	514.35	519.32	505.68	68,049,200
Apr 8, 2024	519.15	520.18	517.89	518.72	505.09	48,401,800
Apr 5, 2024	514.46	520.44	514.01	518.43	504.81	74,546,500
Apr 4, 2024	523.52	523.87	512.76	513.07	499.59	96,858,100
Apr 3, 2024	517.72	520.95	517.67	519.41	505.77	59,155,800
Apr 2, 2024	518.24	518.98	516.48	518.84	505.21	74,230,300
Apr 1, 2024	523.83	524.38	520.97	522.16	508.44	62,477,500
Mar 28, 2024	523.21	524.61	522.78	523.07	509.33	96,294,900
Mar 27, 2024	521.71	523.21	519.49	523.17	509.43	82,999,800
Mar 26, 2024	521.23	521.58	518.40	518.81	505.18	65,463,700
Mar 25, 2024	519.80	520.95	519.61	519.77	506.12	48,512,100
Mar 22, 2024	522.11	522.61	520.97	521.21	507.52	79,070,800
Mar 21, 2024	523.39	524.11	521.91	522.20	508.48	60,256,100
Mar 20, 2024	515.77	520.62	515.08	520.48	506.81	69,594,600
Mar 19, 2024	512.15	516.00	511.12	515.71	502.16	60,755,300
Mar 18, 2024	514.00	515.48	512.44	512.86	499.39	88,893,300
Mar 15, 2024	1.595 Dividend 
Mar 15, 2024	510.21	511.70	508.12	509.83	496.44	107,646,300
Mar 14, 2024	516.97	517.13	511.82	514.95	499.87	110,171,800
Mar 13, 2024	517.11	517.29	514.49	515.97	500.86	55,104,100
Mar 12, 2024	513.45	517.38	510.86	516.78	501.65	73,114,400
Mar 11, 2024	510.48	511.88	508.50	511.28	496.31	62,557,200
Mar 8, 2024	515.46	518.22	511.13	511.72	496.74	86,532,500
Mar 7, 2024	513.14	515.89	509.81	514.81	499.73	58,652,100
Mar 6, 2024	510.55	512.07	508.42	509.75	494.82	68,382,400
Mar 5, 2024	510.24	510.70	504.91	507.18	492.33	72,855,600
Mar 4, 2024	512.03	514.20	512.00	512.30	497.30	49,799,300
Mar 1, 2024	508.98	513.29	508.56	512.85	497.83	76,844,800
Feb 29, 2024	508.07	509.74	505.35	508.08	493.20	83,924,800
Feb 28, 2024	505.33	506.86	504.96	506.26	491.44	56,506,600
Feb 27, 2024	506.70	507.16	504.75	506.93	492.09	48,854,500
Feb 26, 2024	508.30	508.75	505.86	505.99	491.17	50,386,700
Feb 23, 2024	509.27	510.13	507.10	507.85	492.98	61,321,800
Feb 22, 2024	504.01	508.49	503.02	507.50	492.64	76,402,500
Feb 21, 2024	495.42	497.37	493.56	497.21	482.65	59,293,400
Feb 20, 2024	497.72	498.41	494.45	496.76	482.21	71,736,700
Feb 16, 2024	501.70	502.87	498.75	499.51	484.88	75,532,900
Feb 15, 2024	499.29	502.20	498.80	502.01	487.31	61,683,000
Feb 14, 2024	496.79	499.07	494.40	498.57	483.97	68,387,800
Feb 13, 2024	494.53	497.09	490.72	494.08	479.61	113,099,200
Feb 12, 2024	501.17	503.50	500.24	500.98	486.31	56,502,300
Feb 9, 2024	498.84	501.65	498.49	501.20	486.52	63,979,400
Feb 8, 2024	498.10	498.71	497.26	498.32	483.73	52,343,600
Feb 7, 2024	496.29	498.53	495.36	498.10	483.51	70,556,500
Feb 6, 2024	493.52	494.32	492.05	493.98	479.51	55,918,600
Feb 5, 2024	493.70	494.38	490.23	492.55	478.13	75,757,100
Feb 2, 2024	489.65	496.05	489.30	494.35	479.87	99,228,200
Feb 1, 2024	484.63	489.23	483.80	489.20	474.87	91,891,600
Jan 31, 2024	488.62	489.08	482.86	482.88	468.74	126,011,100
Jan 30, 2024	490.56	491.62	490.11	490.89	476.52	58,618,400
Jan 29, 2024	487.73	491.42	487.17	491.27	476.88	61,322,800
Jan 26, 2024	487.59	489.12	486.54	487.41	473.14	76,641,600
Jan 25, 2024	487.58	488.31	485.39	488.03	473.74	72,525,000
Jan 24, 2024	487.81	488.77	484.88	485.39	471.18	81,765,000
Jan 23, 2024	484.01	485.11	482.89	484.86	470.66	49,945,300
Jan 22, 2024	484.01	485.22	482.78	483.45	469.29	75,844,900
Jan 19, 2024	477.65	482.72	476.54	482.43	468.30	110,834,500
Jan 18, 2024	474.01	477.06	472.42	476.49	462.54	91,856,200
Jan 17, 2024	471.82	472.79	469.87	472.29	458.46	68,843,900
Jan 16, 2024	475.26	476.61	473.06	474.93	461.02	85,014,900
Jan 12, 2024	477.84	478.60	475.23	476.68	462.72	58,026,400
Jan 11, 2024	477.59	478.12	472.26	476.35	462.40	77,940,700
Jan 10, 2024	474.16	477.45	473.87	476.56	462.60	67,310,600
Jan 9, 2024	471.87	474.93	471.35	473.88	460.00	65,931,400
Jan 8, 2024	468.43	474.75	468.30	474.60	460.70	74,879,100
Jan 5, 2024	467.49	470.44	466.43	467.92	454.22	86,118,900
Jan 4, 2024	468.30	470.96	467.05	467.28	453.60	84,232,200
Jan 3, 2024	470.43	471.19	468.17	468.79	455.06	103,585,900
Jan 2, 2024	472.16	473.67	470.49	472.65	458.81	123,623,700
Dec 29, 2023	476.49	477.03	473.30	475.31	461.39	122,283,100
Dec 28, 2023	476.88	477.55	476.26	476.69	462.73	77,158,100
Dec 27, 2023	475.44	476.66	474.89	476.51	462.56	68,000,300
Dec 26, 2023	474.07	476.58	473.99	475.65	461.72	55,387,000
Dec 22, 2023	473.86	475.38	471.70	473.65	459.78	67,160,400
Dec 21, 2023	471.33	472.98	468.84	472.70	458.86	86,667,500
Dec 20, 2023	473.96	475.90	467.82	468.26	454.55	102,921,000
Dec 19, 2023	472.53	474.92	472.45	474.84	460.94	55,761,800
Dec 18, 2023	470.98	472.98	469.89	471.97	458.15	70,375,300
Dec 15, 2023	1.906 Dividend 
Dec 15, 2023	469.49	470.70	467.43	469.33	455.59	141,553,700
Dec 14, 2023	472.50	473.73	469.25	472.01	456.34	119,026,000
Dec 13, 2023	464.49	470.76	464.12	470.50	454.88	93,278,000
Dec 12, 2023	461.63	464.20	460.60	464.10	448.69	68,327,600
Dec 11, 2023	459.69	462.17	459.47	461.99	446.65	65,002,200
Dec 8, 2023	457.46	460.75	457.21	460.20	444.92	83,194,400
Dec 7, 2023	456.91	458.90	456.29	458.23	443.02	66,995,400
Dec 6, 2023	458.81	458.84	454.31	454.76	439.66	69,124,700
Dec 5, 2023	455.26	457.59	454.87	456.60	441.44	69,793,500
Dec 4, 2023	455.60	459.12	454.34	456.69	441.53	72,430,900
Dec 1, 2023	455.77	459.65	455.16	459.10	443.86	89,183,400
Nov 30, 2023	455.48	456.76	453.34	456.40	441.25	79,752,700
Nov 29, 2023	457.15	458.32	454.20	454.61	439.52	63,146,000
Nov 28, 2023	454.08	456.27	453.50	454.93	439.82	62,115,000
Nov 27, 2023	454.65	455.49	454.08	454.48	439.39	50,506,000
Nov 24, 2023	455.07	455.50	454.73	455.30	440.18	29,737,400
Nov 22, 2023	454.98	456.38	453.89	455.02	439.91	59,394,900
Nov 21, 2023	453.18	454.13	451.96	453.27	438.22	49,244,600
Nov 20, 2023	450.53	455.13	450.52	454.26	439.18	69,936,200
Nov 17, 2023	450.24	451.42	449.29	450.79	435.82	83,133,200
Nov 16, 2023	449.22	450.56	448.12	450.23	435.28	66,665,800
Nov 15, 2023	450.11	451.38	448.80	449.68	434.75	77,327,600
Nov 14, 2023	446.32	450.06	446.09	448.73	433.83	97,176,900
Nov 13, 2023	439.23	441.33	438.42	440.19	425.57	52,236,100
Nov 10, 2023	435.98	440.93	433.83	440.61	425.98	89,462,200
Nov 9, 2023	438.43	438.47	433.40	433.84	419.44	83,174,400
Nov 8, 2023	437.55	438.09	434.87	437.25	422.73	61,746,000
Nov 7, 2023	435.69	437.59	434.51	436.93	422.42	64,256,100
Nov 6, 2023	435.47	436.15	433.68	435.69	421.22	67,831,700
Nov 3, 2023	433.14	436.29	433.01	434.69	420.26	100,167,800
Nov 2, 2023	426.58	430.92	426.56	430.76	416.46	94,938,900
Nov 1, 2023	419.20	423.50	418.65	422.66	408.63	98,068,100
Oct 31, 2023	416.18	418.53	414.21	418.20	404.31	79,665,200
Oct 30, 2023	413.56	416.68	412.22	415.59	401.79	86,562,700
Oct 27, 2023	414.19	414.60	409.21	410.68	397.04	107,367,700
Oct 26, 2023	416.45	417.33	411.60	412.55	398.85	115,156,800
Oct 25, 2023	421.89	421.92	417.02	417.55	403.69	94,223,200
Oct 24, 2023	422.65	424.82	420.74	423.63	409.56	78,564,200
Oct 23, 2023	419.61	424.45	417.80	420.46	406.50	92,035,100
Oct 20, 2023	425.98	426.54	421.08	421.19	407.21	123,919,900
Oct 19, 2023	430.95	432.82	425.73	426.43	412.27	121,323,000
Oct 18, 2023	434.19	435.18	429.09	430.21	415.93	93,559,800
Oct 17, 2023	432.81	438.14	432.45	436.02	421.54	75,324,700
Oct 16, 2023	433.82	437.14	433.57	436.04	421.56	75,433,200
Oct 13, 2023	435.21	436.45	429.88	431.50	417.17	95,143,100
Oct 12, 2023	436.95	437.34	431.23	433.66	419.26	81,154,200
Oct 11, 2023	435.64	436.58	433.18	436.32	421.83	62,451,700
Oct 10, 2023	432.94	437.22	432.53	434.54	420.11	78,607,300
Oct 9, 2023	427.58	432.88	427.01	432.29	417.94	80,374,400
Oct 6, 2023	421.97	431.13	420.60	429.54	415.28	113,273,300
Oct 5, 2023	424.36	425.37	421.17	424.50	410.41	70,142,700
Oct 4, 2023	422.07	425.43	420.56	424.66	410.56	87,453,000
Oct 3, 2023	425.06	427.37	420.18	421.59	407.59	103,760,600
Oct 2, 2023	426.62	428.60	424.46	427.31	413.12	83,798,600
Sep 29, 2023	431.67	431.85	425.91	427.48	413.29	115,111,300
Sep 28, 2023	425.48	430.25	424.87	428.52	414.29	92,258,300
Sep 27, 2023	427.09	427.67	422.29	426.05	411.90	104,705,800
Sep 26, 2023	429.09	429.82	425.02	425.88	411.74	96,168,400
Sep 25, 2023	429.17	432.27	428.72	432.23	417.88	70,874,500
Sep 22, 2023	432.45	434.10	429.99	430.42	416.13	100,829,700
Sep 21, 2023	435.70	435.97	431.23	431.39	417.07	104,095,800
Sep 20, 2023	444.01	444.44	438.43	438.64	424.08	82,562,600
Sep 19, 2023	442.68	443.29	439.94	442.71	428.01	66,514,600
Sep 18, 2023	443.05	444.97	442.56	443.63	428.90	55,752,200
Sep 15, 2023	1.583 Dividend 
Sep 15, 2023	447.14	447.48	442.92	443.37	428.65	111,848,900
Sep 14, 2023	449.07	451.08	447.72	450.36	433.88	83,430,800
Sep 13, 2023	446.22	447.71	445.08	446.51	430.17	60,199,300
Sep 12, 2023	446.95	448.53	445.39	445.99	429.67	67,565,400
Sep 11, 2023	448.24	448.77	446.47	448.45	432.04	60,180,100
Sep 8, 2023	444.90	447.11	444.53	445.52	429.21	61,659,700
Sep 7, 2023	443.11	445.55	442.75	444.85	428.57	70,355,400
Sep 6, 2023	448.40	448.51	443.81	446.22	429.89	70,758,500
Sep 5, 2023	450.73	451.06	449.17	449.24	432.80	55,166,200
Sep 1, 2023	453.17	453.67	449.68	451.19	434.68	58,944,100
Aug 31, 2023	451.65	452.83	450.16	450.35	433.87	66,084,600
Aug 30, 2023	449.51	451.67	448.78	451.01	434.50	69,053,900
Aug 29, 2023	442.65	449.45	442.46	449.16	432.72	83,081,900
Aug 28, 2023	442.24	443.40	439.97	442.76	426.55	61,595,400
Aug 25, 2023	438.68	441.30	435.00	439.97	423.87	102,325,100
Aug 24, 2023	444.69	445.22	436.86	436.89	420.90	88,517,300
Aug 23, 2023	439.25	443.67	439.10	443.03	426.81	68,441,000
Aug 22, 2023	441.18	441.18	437.57	438.15	422.11	64,994,200
Aug 21, 2023	437.55	440.11	435.32	439.34	423.26	68,719,000
Aug 18, 2023	433.37	437.57	433.01	436.50	420.52	98,852,000
Aug 17, 2023	441.16	441.43	435.75	436.29	420.32	95,711,300
Aug 16, 2023	442.46	444.18	439.53	439.64	423.55	80,107,200
Aug 15, 2023	446.27	446.64	442.30	442.89	426.68	75,707,500
Aug 14, 2023	444.70	448.11	444.38	448.11	431.71	47,867,400
Aug 11, 2023	443.97	446.70	443.35	445.65	429.34	68,690,900
Aug 10, 2023	448.19	451.70	444.70	445.91	429.59	93,005,500
Aug 9, 2023	449.03	449.20	444.96	445.75	429.43	78,789,600
Aug 8, 2023	448.08	450.70	445.27	448.75	432.33	71,361,300
Aug 7, 2023	448.71	450.87	447.99	450.71	434.21	58,357,500
Aug 4, 2023	450.72	452.90	446.27	446.81	430.46	100,128,900
Aug 3, 2023	448.04	450.79	447.37	448.84	432.41	64,276,100
Aug 2, 2023	453.25	453.52	449.35	450.13	433.65	93,933,400
Aug 1, 2023	456.27	457.25	455.49	456.48	439.77	55,291,500
Jul 31, 2023	457.41	458.16	456.05	457.79	441.03	62,040,400
Jul 28, 2023	455.88	457.78	452.49	456.92	440.20	80,011,800
Jul 27, 2023	459.02	459.44	451.55	452.49	435.93	92,194,400
Jul 26, 2023	454.47	456.99	453.38	455.51	438.84	71,052,900
Jul 25, 2023	453.92	456.74	453.87	455.44	438.77	55,191,200
Jul 24, 2023	453.37	455.04	452.30	454.20	437.58	54,023,400
Jul 21, 2023	453.96	454.17	452.17	452.18	435.63	71,275,600
Jul 20, 2023	454.17	455.10	451.44	452.18	435.63	70,591,600
Jul 19, 2023	455.01	456.43	454.11	455.20	438.54	65,891,700
Jul 18, 2023	450.50	454.86	450.05	454.19	437.57	80,668,200
Jul 17, 2023	449.13	451.93	449.08	450.84	434.34	52,680,200
Jul 14, 2023	450.48	451.36	448.49	449.28	432.84	69,815,800
Jul 13, 2023	447.90	450.38	447.45	449.56	433.11	72,425,200
Jul 12, 2023	446.39	447.48	444.91	446.02	429.70	91,924,500
Jul 11, 2023	440.45	442.97	439.44	442.46	426.27	64,463,800
Jul 10, 2023	438.18	439.84	437.59	439.66	423.57	62,443,500
Jul 7, 2023	438.63	442.64	438.30	438.55	422.50	86,134,200
Jul 6, 2023	439.42	440.10	437.06	439.66	423.57	80,658,300
Jul 5, 2023	441.91	443.89	441.90	443.13	426.91	58,418,400
Jul 3, 2023	442.92	444.08	442.63	443.79	427.55	32,793,400
Jun 30, 2023	441.44	444.30	441.11	443.28	427.06	104,964,000
Jun 29, 2023	435.96	438.28	435.54	438.11	422.07	67,882,300
Jun 28, 2023	435.05	437.44	434.41	436.39	420.42	75,636,000
Jun 27, 2023	432.35	436.81	431.88	436.17	420.21	72,813,700
Jun 26, 2023	432.62	434.61	431.19	431.44	415.65	72,823,600
Jun 23, 2023	432.93	435.06	432.47	433.21	417.35	92,074,500
Jun 22, 2023	433.95	436.62	433.60	436.51	420.53	70,637,200
Jun 21, 2023	436.16	436.99	434.33	434.94	419.02	76,982,300
Jun 20, 2023	437.45	438.37	435.03	437.18	421.18	76,160,400
Jun 16, 2023	1.638 Dividend 
Jun 16, 2023	443.02	443.61	438.97	439.46	423.38	114,165,800
Jun 15, 2023	436.33	443.90	436.23	442.60	424.82	110,303,100
Jun 14, 2023	437.01	439.06	433.59	437.18	419.62	100,612,100
Jun 13, 2023	435.32	437.33	434.63	436.66	419.12	95,899,700
Jun 12, 2023	430.92	433.88	430.17	433.80	416.38	76,104,300
Jun 9, 2023	429.96	431.99	428.87	429.90	412.63	85,742,800
Jun 8, 2023	426.62	429.60	425.82	429.13	411.89	61,952,800
Jun 7, 2023	428.44	429.62	426.11	426.55	409.42	85,373,300
Jun 6, 2023	426.67	428.58	425.99	428.03	410.84	64,022,200
Jun 5, 2023	428.28	429.62	426.37	427.10	409.94	65,460,200
Jun 2, 2023	424.50	428.74	423.95	427.92	410.73	91,426,200
Jun 1, 2023	418.09	422.92	416.79	421.82	404.88	88,865,000
May 31, 2023	418.28	419.22	416.22	417.85	401.07	110,811,800
May 30, 2023	422.03	422.58	418.74	420.18	403.30	72,216,000
May 26, 2023	415.33	420.77	415.25	420.02	403.15	93,830,000
May 25, 2023	414.74	416.16	412.41	414.65	397.99	90,961,600
May 24, 2023	412.42	412.82	409.88	411.09	394.58	89,213,700
May 23, 2023	417.08	418.72	413.68	414.09	397.46	86,383,500
May 22, 2023	418.64	420.39	417.35	418.79	401.97	60,745,400
May 19, 2023	420.17	420.72	417.35	418.62	401.81	103,793,300
May 18, 2023	414.90	419.67	414.67	419.23	402.39	97,177,200
May 17, 2023	412.35	415.86	410.64	415.23	398.55	87,287,000
May 16, 2023	411.86	412.82	410.24	410.25	393.77	57,705,500
May 15, 2023	412.22	413.43	410.23	413.01	396.42	54,289,400
May 12, 2023	413.42	413.64	409.07	411.59	395.06	70,481,500
May 11, 2023	411.95	412.43	409.97	412.13	395.58	70,157,100
May 10, 2023	413.88	414.54	408.87	412.85	396.27	96,142,900
May 9, 2023	411.13	412.09	410.69	410.93	394.42	49,220,100
May 8, 2023	412.97	413.24	411.28	412.74	396.16	50,046,800
May 5, 2023	408.91	413.72	408.64	412.63	396.06	87,891,800
May 4, 2023	406.93	407.27	403.74	405.13	388.86	94,901,900
May 3, 2023	411.36	413.87	407.77	408.02	391.63	91,531,800
May 2, 2023	414.77	414.82	407.82	410.84	394.34	103,998,500
May 1, 2023	415.47	417.62	415.27	415.51	398.82	62,122,300
Apr 28, 2023	411.49	415.94	411.43	415.93	399.22	89,433,100
Apr 27, 2023	407.00	412.69	406.74	412.41	395.84	92,968,400
Apr 26, 2023	406.72	407.84	403.78	404.36	388.12	80,447,000
Apr 25, 2023	410.58	411.16	406.02	406.08	389.77	97,766,700
Apr 24, 2023	411.99	413.07	410.60	412.63	396.06	64,332,100
Apr 21, 2023	412.19	412.68	410.17	412.20	395.64	73,457,400
Apr 20, 2023	411.21	413.70	410.27	411.88	395.34	75,840,400
Apr 19, 2023	412.22	415.08	412.16	414.14	397.51	55,227,300
Apr 18, 2023	415.58	415.72	412.78	414.21	397.57	63,560,000
Apr 17, 2023	412.37	413.96	411.09	413.94	397.31	66,436,400
Apr 14, 2023	412.81	415.09	410.06	412.46	395.89	78,161,500
Apr 13, 2023	409.18	413.84	407.99	413.47	396.86	85,814,800
Apr 12, 2023	411.87	412.17	407.44	408.05	391.66	86,420,400
Apr 11, 2023	410.26	411.18	408.92	409.72	393.26	59,297,900
Apr 10, 2023	406.61	409.69	405.97	409.61	393.16	63,681,000
Apr 6, 2023	406.77	409.48	405.68	409.19	392.75	63,743,300
Apr 5, 2023	407.91	408.70	405.88	407.60	391.23	65,200,200
Apr 4, 2023	411.62	411.92	407.24	408.67	392.26	66,601,500
Apr 3, 2023	408.85	411.37	408.44	410.95	394.44	67,391,100
Mar 31, 2023	404.66	409.70	404.55	409.39	392.95	112,062,600
Mar 30, 2023	404.09	404.35	401.76	403.70	387.48	69,840,000
Mar 29, 2023	399.93	401.60	398.68	401.35	385.23	77,497,900
Mar 28, 2023	395.77	396.49	393.69	395.60	379.71	62,871,700
Mar 27, 2023	398.12	398.92	395.56	396.49	380.56	74,010,400
Mar 24, 2023	391.84	395.84	389.40	395.75	379.85	107,682,400
Mar 23, 2023	395.09	399.29	390.35	393.17	377.38	119,351,300
Mar 22, 2023	398.73	402.49	392.07	392.11	376.36	111,746,600
Mar 21, 2023	397.24	399.41	395.58	398.91	382.89	91,524,200
Mar 20, 2023	390.80	394.17	390.07	393.74	377.92	93,055,800
Mar 17, 2023	1.506 Dividend 
Mar 17, 2023	393.22	394.40	388.55	389.99	374.33	140,553,400
Mar 16, 2023	386.82	396.47	386.29	396.11	378.75	143,254,200
Mar 15, 2023	385.89	389.49	383.71	389.28	372.22	172,996,900
Mar 14, 2023	390.50	393.45	387.05	391.73	374.57	149,752,400
Mar 13, 2023	381.81	390.39	380.65	385.36	368.48	157,790,000
Mar 10, 2023	390.99	393.16	384.32	385.91	369.00	189,253,000
Mar 9, 2023	399.74	401.48	390.53	391.56	374.40	111,945,300
Mar 8, 2023	398.39	399.71	396.59	398.92	381.44	74,746,600
Mar 7, 2023	404.42	404.67	397.63	398.27	380.82	108,310,600
Mar 6, 2023	405.05	407.45	404.01	404.47	386.75	72,795,900
Mar 3, 2023	399.71	404.45	399.03	404.19	386.48	90,120,000
Mar 2, 2023	392.68	398.69	392.33	397.81	380.38	85,127,800
Mar 1, 2023	395.41	396.69	393.38	394.74	377.44	99,706,800
Feb 28, 2023	397.23	399.28	396.15	396.26	378.90	96,438,600
Feb 27, 2023	399.87	401.29	396.75	397.73	380.30	80,444,700
Feb 24, 2023	395.42	397.25	393.64	396.38	379.01	108,194,400
Feb 23, 2023	401.56	402.20	396.25	400.66	383.10	96,242,400
Feb 22, 2023	399.52	401.13	397.02	398.54	381.08	83,742,300
Feb 21, 2023	403.06	404.16	398.82	399.09	381.60	82,655,900
Feb 17, 2023	406.06	407.51	404.05	407.26	389.42	89,257,800
Feb 16, 2023	408.79	412.91	408.14	408.28	390.39	76,431,500
Feb 15, 2023	410.35	414.06	409.47	413.98	395.84	61,555,700
Feb 14, 2023	411.24	415.05	408.51	412.64	394.56	88,389,300
Feb 13, 2023	408.72	412.97	408.24	412.83	394.74	64,913,500
Feb 10, 2023	405.86	408.44	405.01	408.04	390.16	70,769,700
Feb 9, 2023	414.41	414.57	405.81	407.09	389.25	78,694,900
Feb 8, 2023	413.13	414.53	409.93	410.65	392.66	76,227,500
Feb 7, 2023	408.87	416.49	407.57	415.19	397.00	90,990,700
Feb 6, 2023	409.79	411.29	408.10	409.83	391.87	60,295,300
Feb 3, 2023	411.59	416.97	411.09	412.35	394.28	94,736,800
Feb 2, 2023	414.86	418.31	412.88	416.78	398.52	101,654,500
Feb 1, 2023	405.21	413.67	402.35	410.80	392.80	101,459,200
Jan 31, 2023	401.13	406.53	400.77	406.48	388.67	86,811,800
Jan 30, 2023	402.80	405.13	400.28	400.59	383.04	74,202,000
Jan 27, 2023	403.66	408.16	403.44	405.68	387.90	68,346,200
Jan 26, 2023	403.13	404.92	400.03	404.75	387.02	72,287,400
Jan 25, 2023	395.95	400.70	393.56	400.35	382.81	84,800,300
Jan 24, 2023	398.88	401.15	397.64	400.20	382.66	59,524,900
Jan 23, 2023	396.72	402.65	395.72	400.63	383.08	84,178,800
Jan 20, 2023	390.10	396.04	388.38	395.88	378.53	91,806,400
Jan 19, 2023	389.36	391.08	387.26	388.64	371.61	86,958,900
Jan 18, 2023	399.01	400.12	391.28	391.49	374.34	99,632,300
Jan 17, 2023	398.48	400.23	397.06	397.77	380.34	62,677,300
Jan 13, 2023	393.62	399.10	393.34	398.50	381.04	63,903,900
Jan 12, 2023	396.67	398.49	392.42	396.96	379.57	90,157,700
Jan 11, 2023	392.23	395.60	391.38	395.52	378.19	68,881,100
Jan 10, 2023	387.25	390.65	386.27	390.58	373.47	65,358,100
Jan 9, 2023	390.37	393.70	387.67	387.86	370.87	73,978,100
Jan 6, 2023	382.61	389.25	379.41	388.08	371.08	104,189,600
Jan 5, 2023	381.72	381.84	378.76	379.38	362.76	76,970,500
Jan 4, 2023	383.18	385.88	380.00	383.76	366.95	85,934,100
Jan 3, 2023	384.37	386.43	377.83	380.82	364.13	74,850,700
Dec 30, 2022	380.64	382.58	378.43	382.43	365.67	84,022,200
Dec 29, 2022	379.63	384.35	379.08	383.44	366.64	66,970,900
Dec 28, 2022	381.33	383.39	376.42	376.66	360.16	70,911,500
Dec 27, 2022	382.79	383.15	379.65	381.40	364.69	51,638,200
Dec 23, 2022	379.65	383.06	378.03	382.91	366.13	59,857,300
Dec 22, 2022	383.05	386.21	374.77	380.72	364.04	100,120,900
Dec 21, 2022	383.25	387.41	382.69	386.23	369.31	78,167,400
Dec 20, 2022	379.23	382.23	377.85	380.54	363.87	74,427,200
Dec 19, 2022	383.47	383.82	378.28	380.02	363.37	79,878,100
Dec 16, 2022	1.781 Dividend 
Dec 16, 2022	385.18	386.58	381.04	383.27	366.48	119,858,000
Dec 15, 2022	394.30	395.25	387.89	389.63	370.85	117,705,900
Dec 14, 2022	401.61	405.50	396.31	399.40	380.15	108,111,300
Dec 13, 2022	410.22	410.49	399.07	401.97	382.60	123,782,500
Dec 12, 2022	394.11	398.95	393.41	398.95	379.73	75,405,800
Dec 9, 2022	394.94	397.62	393.15	393.28	374.33	81,447,700
Dec 8, 2022	395.14	397.36	393.27	396.24	377.15	60,737,900
Dec 7, 2022	392.94	395.64	391.97	393.16	374.21	65,927,900
Dec 6, 2022	399.42	399.99	391.64	393.83	374.85	77,972,200
Dec 5, 2022	403.95	404.93	398.17	399.59	380.34	77,289,800
Dec 2, 2022	402.25	407.86	402.14	406.91	387.30	85,342,700
Dec 1, 2022	408.77	410.00	404.75	407.38	387.75	76,398,200
Nov 30, 2022	395.49	407.68	393.48	407.68	388.04	144,566,700
Nov 29, 2022	396.05	397.30	393.30	395.23	376.19	52,310,000
Nov 28, 2022	399.09	400.81	395.11	395.91	376.83	67,881,600
Nov 25, 2022	401.83	402.91	401.54	402.33	382.94	30,545,400
Nov 23, 2022	399.55	402.93	399.31	402.42	383.03	68,261,600
Nov 22, 2022	396.63	400.07	395.15	399.90	380.63	60,429,000
Nov 21, 2022	394.64	395.82	392.66	394.59	375.58	51,243,200
Nov 18, 2022	397.74	397.81	393.04	396.03	376.95	92,922,500
Nov 17, 2022	390.46	394.95	390.14	394.24	375.24	74,496,300
Nov 16, 2022	396.78	397.78	394.79	395.45	376.39	68,508,500
Nov 15, 2022	401.15	402.31	394.49	398.49	379.29	93,194,500
Nov 14, 2022	396.66	400.18	394.83	395.12	376.08	71,903,500
Nov 11, 2022	395.59	399.35	393.61	398.51	379.31	93,839,900
Nov 10, 2022	388.05	395.04	385.64	394.69	375.67	141,455,800
Nov 9, 2022	379.93	381.14	373.61	374.13	356.10	78,495,500
Nov 8, 2022	381.11	385.12	377.72	382.00	363.59	84,641,100
Nov 7, 2022	377.71	380.57	375.53	379.95	361.64	68,286,900
Nov 4, 2022	377.00	378.87	370.00	376.35	358.21	103,505,200
Nov 3, 2022	371.47	374.20	368.79	371.01	353.13	87,100,100
Nov 2, 2022	383.90	388.63	374.76	374.87	356.81	126,990,400
Nov 1, 2022	390.14	390.39	383.29	384.52	365.99	85,407,600
Oct 31, 2022	386.44	388.40	385.26	386.21	367.60	96,631,300
Oct 28, 2022	379.87	389.52	379.68	389.02	370.27	100,302,000
Oct 27, 2022	383.07	385.00	379.33	379.98	361.67	81,971,800
Oct 26, 2022	381.62	387.58	381.35	382.02	363.61	104,087,300
Oct 25, 2022	378.79	385.25	378.67	384.92	366.37	78,846,300
Oct 24, 2022	375.89	380.06	373.11	378.87	360.61	85,436,900
Oct 21, 2022	365.12	374.80	363.54	374.29	356.25	131,038,400
Oct 20, 2022	368.03	372.67	364.61	365.41	347.80	88,283,100
Oct 19, 2022	368.99	371.85	365.55	368.50	350.74	79,746,900
Oct 18, 2022	375.13	375.45	367.52	371.13	353.25	97,162,900
Oct 17, 2022	364.01	367.98	357.28	366.82	349.14	93,168,200
Oct 14, 2022	368.55	370.26	356.96	357.63	340.40	123,737,000
Oct 13, 2022	349.21	367.51	348.11	365.97	348.34	147,254,500
Oct 12, 2022	358.17	359.82	356.30	356.56	339.38	76,991,800
Oct 11, 2022	358.24	363.03	355.71	357.74	340.50	92,482,800
Oct 10, 2022	363.96	364.21	357.67	360.02	342.67	76,042,800
Oct 7, 2022	368.97	373.29	360.94	362.79	345.31	107,789,500
Oct 6, 2022	375.62	378.72	372.68	373.20	355.22	82,333,500
Oct 5, 2022	373.39	379.46	370.95	377.09	358.92	88,065,700
Oct 4, 2022	372.40	378.00	366.57	377.97	359.76	103,602,800
Oct 3, 2022	361.08	368.55	359.21	366.61	348.94	89,756,500
Sep 30, 2022	361.80	365.91	357.04	357.18	339.97	153,711,200
Sep 29, 2022	366.81	367.11	359.70	362.79	345.31	112,952,300
Sep 28, 2022	364.38	372.30	362.60	370.53	352.68	110,802,200
Sep 27, 2022	368.02	370.40	360.87	363.38	345.87	108,294,100
Sep 26, 2022	366.41	370.21	363.03	364.31	346.76	92,581,200
Sep 23, 2022	370.58	370.62	363.29	367.95	350.22	122,346,900
Sep 22, 2022	376.58	378.30	373.44	374.22	356.19	89,472,600
Sep 21, 2022	386.11	389.31	377.38	377.39	359.20	106,746,600
Sep 20, 2022	385.06	386.12	381.20	384.09	365.58	77,274,900
Sep 19, 2022	382.26	388.55	382.18	388.55	369.83	73,278,500
Sep 16, 2022	1.596 Dividend 
Sep 16, 2022	384.14	386.25	382.11	385.56	366.98	103,084,800
Sep 15, 2022	392.96	395.96	388.78	390.12	369.80	87,633,800
Sep 14, 2022	394.47	396.20	391.12	394.60	374.05	85,023,700
Sep 13, 2022	401.83	403.10	391.92	393.10	372.63	122,947,100
Sep 12, 2022	408.78	411.73	408.46	410.97	389.57	69,256,300
Sep 9, 2022	402.74	407.51	402.46	406.60	385.42	76,706,900
Sep 8, 2022	395.39	400.86	394.12	400.38	379.53	80,821,700
Sep 7, 2022	390.43	398.59	390.20	397.78	377.06	70,964,200
Sep 6, 2022	393.13	394.12	388.42	390.76	370.41	76,637,400
Sep 2, 2022	400.28	401.56	390.33	392.24	371.81	99,632,100
Sep 1, 2022	392.89	396.78	390.04	396.42	375.77	78,740,100
Aug 31, 2022	399.93	401.24	395.04	395.18	374.60	76,029,700
Aug 30, 2022	403.85	404.10	396.00	398.21	377.47	85,652,400
Aug 29, 2022	402.20	405.84	401.20	402.63	381.66	65,370,800
Aug 26, 2022	419.39	419.96	405.25	405.31	384.20	103,087,000
Aug 25, 2022	415.24	419.56	414.09	419.51	397.66	50,942,300
Aug 24, 2022	412.11	415.11	411.39	413.67	392.13	49,177,800
Aug 23, 2022	412.90	415.42	411.77	412.35	390.87	49,105,200
Aug 22, 2022	417.05	417.23	412.40	413.35	391.82	77,695,600
Aug 19, 2022	424.98	425.26	421.22	422.14	400.15	68,016,900
Aug 18, 2022	426.86	428.61	425.50	427.89	405.61	49,023,200
Aug 17, 2022	425.91	429.50	424.54	426.65	404.43	63,563,400
Aug 16, 2022	427.73	431.73	426.88	429.70	407.32	59,289,000
Aug 15, 2022	424.77	429.41	424.71	428.86	406.52	54,048,300
Aug 12, 2022	422.03	427.21	421.03	427.10	404.86	61,694,500
Aug 11, 2022	422.99	424.95	419.21	419.99	398.12	59,489,700
Aug 10, 2022	418.78	420.14	416.72	419.99	398.12	68,665,700
Aug 9, 2022	412.22	412.75	410.22	411.35	389.93	44,931,800
Aug 8, 2022	415.25	417.62	411.83	412.99	391.48	53,886,100
Aug 5, 2022	409.66	414.15	409.60	413.47	391.94	56,814,900
Aug 4, 2022	414.37	415.09	412.44	414.17	392.60	45,656,600
Aug 3, 2022	410.30	415.68	410.00	414.45	392.87	67,820,600
Aug 2, 2022	409.12	413.00	406.82	408.06	386.81	63,435,400
Aug 1, 2022	409.15	413.41	408.40	410.77	389.38	69,997,500
